Vertices 1353
-2.886356e+00 1.591396e+00 2.127840e+00
-2.871171e+00 1.594421e+00 2.444041e+00
-2.862592e+00 1.540497e+00 2.612049e+00
-2.862592e+00 1.625381e+00 2.616497e+00
-2.858389e+00 1.548300e+00 2.463165e+00
-2.858389e+00 1.633183e+00 2.467613e+00
-2.854187e+00 1.542281e+00 2.578018e+00
-2.854187e+00 1.627164e+00 2.582467e+00
-2.845782e+00 1.529796e+00 2.816233e+00
-2.845782e+00 1.614680e+00 2.820682e+00
-2.760209e+00 1.540644e+00 2.129444e+00
-2.749002e+00 1.588027e+00 1.827700e+00
-2.745697e+00 1.553751e+00 2.444781e+00
-2.628935e+00 1.531849e+00 1.836751e+00
-2.513426e+00 1.616169e+00 2.128248e+00
-2.500229e+00 1.609743e+00 2.443445e+00
-2.495428e+00 1.587461e+00 1.545211e+00
-2.394046e+00 1.620239e+00 1.848857e+00
-2.386584e+00 1.502872e+00 1.549333e+00
-2.173651e+00 1.635944e+00 1.552614e+00
-2.156798e+00 1.489164e+00 2.133337e+00
-2.145500e+00 1.511076e+00 2.445526e+00
-2.127182e+00 1.522440e+00 2.956610e+00
-2.127182e+00 1.607323e+00 2.961058e+00
-2.118778e+00 1.548300e+00 2.463164e+00
-2.118778e+00 1.633183e+00 2.467613e+00
-2.054604e+00 1.476683e+00 1.875581e+00
-2.052907e+00 1.548523e+00 2.458910e+00
-2.052907e+00 1.633407e+00 2.463359e+00
-2.043357e+00 1.520879e+00 2.986387e+00
-2.043357e+00 1.605763e+00 2.990835e+00
-1.977711e+00 1.581424e+00 1.056498e+00
-1.891782e+00 1.474116e+00 1.063400e+00
-1.865939e+00 1.419355e+00 1.563594e+00
-1.723677e+00 1.639492e+00 1.072489e+00
-1.705903e+00 1.635548e+00 2.129730e+00
-1.697007e+00 1.621707e+00 2.442523e+00
-1.625439e+00 1.645934e+00 1.895439e+00
-1.555086e+00 1.574592e+00 6.293810e-01
-1.487863e+00 1.451923e+00 6.366740e-01
-1.480747e+00 1.367189e+00 1.090057e+00
-1.476890e+00 1.674027e+00 1.569812e+00
-1.356352e+00 1.634994e+00 6.439850e-01
-1.343774e+00 1.570420e+00 3.903460e-01
-1.285903e+00 1.447752e+00 3.977260e-01
-1.216986e+00 1.566400e+00 1.600650e-01
-1.180458e+00 1.454272e+00 2.138792e+00
-1.174362e+00 1.482111e+00 2.446031e+00
-1.173603e+00 1.685276e+00 1.108512e+00
-1.172690e+00 1.630916e+00 4.103360e-01
-1.166304e+00 1.327819e+00 6.636310e-01
-1.164727e+00 1.449164e+00 1.618650e-01
-1.125317e+00 1.439861e+00 1.937493e+00
-1.111330e+00 1.559665e+00 -2.258140e-01
-1.063747e+00 1.449804e+00 -2.238790e-01
-1.062492e+00 1.626673e+00 1.672630e-01
-1.037371e+00 1.551768e+00 -6.424940e-01
-1.023518e+00 1.362881e+00 1.585295e+00
-1.009083e+00 1.323686e+00 4.268610e-01
-9.930620e-01 1.453582e+00 -6.409300e-01
-9.706610e-01 1.619832e+00 -2.246760e-01
-9.394890e-01 4.183940e-01 3.406342e+00
-9.394890e-01 4.183940e-01 3.721904e+00
-9.388000e-01 3.794420e-01 3.406342e+00
-9.388000e-01 3.794420e-01 3.721904e+00
-9.320350e-01 4.572020e-01 3.406342e+00
-9.320350e-01 4.572020e-01 3.721904e+00
-9.299980e-01 3.420480e-01 3.406342e+00
-9.299980e-01 3.420480e-01 3.721904e+00
-9.260220e-01 1.682570e+00 6.770600e-01
-9.147510e-01 1.331103e+00 1.658310e-01
-9.134670e-01 3.078470e-01 3.406342e+00
-9.134670e-01 3.078470e-01 3.721904e+00
-9.063790e-01 1.609554e+00 -6.426620e-01
-8.917950e-01 5.522510e-01 3.406342e+00
-8.917950e-01 5.522510e-01 3.721904e+00
-8.915900e-01 1.517716e+00 3.046738e+00
-8.915900e-01 1.602600e+00 3.051187e+00
-8.915900e-01 1.511599e+00 3.163453e+00
-8.915900e-01 1.596483e+00 3.167902e+00
-8.797360e-01 2.411090e-01 3.406342e+00
-8.716300e-01 4.926870e-01 2.368891e+00
-8.459680e-01 3.603540e-01 2.362341e+00
-8.422430e-01 5.736430e-01 2.371029e+00
-8.361400e-01 1.340311e+00 -2.211520e-01
-8.334590e-01 5.096550e-01 2.225244e+00
-8.156780e-01 1.295023e+00 1.131428e+00
-8.121640e-01 2.996300e-01 2.358423e+00
-8.098660e-01 5.820600e-01 2.225008e+00
-8.050870e-01 3.884800e-01 2.225965e+00
-8.026440e-01 1.548990e-01 3.406342e+00
-8.022320e-01 1.678696e+00 4.550740e-01
-7.811130e-01 1.356954e+00 -6.395170e-01
-7.800280e-01 8.104060e-01 3.309753e+00
-7.800280e-01 1.498320e+00 3.436225e+00
-7.720600e-01 3.320320e-01 2.226397e+00
-7.587780e-01 1.548300e+00 2.463164e+00
-7.587780e-01 1.633184e+00 2.467612e+00
-7.398590e-01 2.198890e-01 2.352783e+00
-7.279570e-01 1.673969e+00 1.843000e-01
-7.190790e-01 6.062160e-01 3.275721e+00
-7.190790e-01 1.574781e+00 3.455341e+00
-7.162780e-01 1.173722e+00 3.358264e+00
-7.148420e-01 7.600360e-01 3.406342e+00
-7.148420e-01 7.600360e-01 3.721904e+00
-7.143830e-01 5.099730e-01 2.120847e+00
-7.055930e-01 1.158508e+00 3.444543e+00
-7.037220e-01 2.572240e-01 2.226823e+00
-6.998500e-01 7.450440e-01 2.372231e+00
-6.985990e-01 5.591250e-01 2.119777e+00
-6.946540e-01 4.274680e-01 2.124123e+00
-6.938460e-01 1.055348e+00 4.060858e+00
-6.937110e-01 2.740380e-01 3.406342e+00
-6.937110e-01 2.740380e-01 3.721904e+00
-6.930740e-01 1.044442e+00 4.122376e+00
-6.870950e-01 7.322880e-01 2.224876e+00
-6.870590e-01 8.559110e-01 1.974008e+00
-6.870590e-01 1.498320e+00 1.984052e+00
-6.870590e-01 1.391934e+00 4.250764e+00
-6.783060e-01 1.149262e+00 3.496984e+00
-6.735730e-01 1.016768e+00 3.330588e+00
-6.735730e-01 1.330676e+00 3.385939e+00
-6.719920e-01 3.889640e-01 2.126083e+00
-6.705060e-01 3.187800e-02 3.406342e+00
-6.660620e-01 1.666899e+00 -2.207600e-01
-6.643200e-01 1.006816e+00 3.417796e+00
-6.643200e-01 1.310201e+00 3.471291e+00
-6.571300e-01 9.235370e-01 4.038918e+00
-6.571300e-01 1.186714e+00 4.085323e+00
-6.567470e-01 9.140270e-01 4.100669e+00
-6.567470e-01 1.174416e+00 4.146582e+00
-6.466050e-01 1.043268e+00 4.123817e+00
-6.460120e-01 1.243994e+00 7.052060e-01
-6.406890e-01 1.011006e+00 3.472605e+00
-6.406890e-01 1.287518e+00 3.521362e+00
-6.399710e-01 2.648830e-01 3.701151e+00
-6.390170e-01 1.908900e-01 3.701151e+00
-6.385080e-01 2.644340e-01 3.727881e+00
-6.375640e-01 1.912250e-01 3.727881e+00
-6.365900e-01 1.146047e+00 3.515217e+00
-6.361110e-01 1.235760e-01 2.361076e+00
-6.337290e-01 6.687370e-01 1.956992e+00
-6.337290e-01 1.574781e+00 1.964936e+00
-6.337280e-01 1.411049e+00 4.250764e+00
-6.256660e-01 8.768030e-01 -2.818548e+00
-6.256660e-01 1.488507e+00 -2.792398e+00
-6.256660e-01 1.498320e+00 -2.455165e+00
-6.256660e-01 8.559110e-01 -2.453437e+00
-6.250310e-01 3.376260e-01 2.128904e+00
-6.227360e-01 1.654727e+00 -6.416290e-01
-6.164080e-01 9.348600e-01 4.105772e+00
-6.164080e-01 1.151309e+00 4.143938e+00
-6.163110e-01 8.893960e-01 -2.923463e+00
-6.163110e-01 1.488507e+00 -2.920864e+00
-6.156500e-01 6.608440e-01 2.119176e+00
-6.154470e-01 2.573550e-01 3.727881e+00
-6.154350e-01 1.754060e-01 2.221046e+00
-6.146630e-01 1.964990e-01 3.727881e+00
-6.129570e-01 1.110121e+00 3.742413e+00
-6.115780e-01 2.224800e-01 3.394389e+00
-6.045620e-01 1.028331e+00 3.494461e+00
-6.045620e-01 1.263762e+00 3.535974e+00
-6.038010e-01 3.284870e-01 3.701151e+00
-6.034130e-01 1.646180e+00 2.132029e+00
-6.032250e-01 2.644720e-01 3.394389e+00
-6.032250e-01 1.804880e-01 3.394389e+00
-6.027210e-01 3.273630e-01 3.727881e+00
-6.011940e-01 1.263330e-01 3.701151e+00
-6.010160e-01 4.496590e-01 3.249628e+00
-6.010160e-01 1.626967e+00 3.468387e+00
-6.003910e-01 1.628245e+00 2.441435e+00
-6.001420e-01 1.273520e-01 3.727881e+00
-5.967460e-01 1.146047e+00 3.515217e+00
-5.940910e-01 9.181910e-01 1.979670e+00
-5.940910e-01 1.064284e+00 1.992951e+00
-5.932890e-01 2.224800e-01 3.467542e+00
-5.863290e-01 2.574730e-01 3.467542e+00
-5.863290e-01 1.874870e-01 3.467542e+00
-5.856990e-01 3.096650e-01 3.727881e+00
-5.854120e-01 1.011233e+00 3.725953e+00
-5.854120e-01 1.208676e+00 3.760768e+00
-5.838340e-01 -2.178700e-02 3.406342e+00
-5.835550e-01 1.434040e-01 3.727881e+00
-5.830490e-01 1.496411e+00 -3.224580e+00
-5.794390e-01 3.000710e-01 3.394389e+00
-5.794390e-01 1.448890e-01 3.394389e+00
-5.788900e-01 1.484938e+00 -3.146549e+00
-5.788900e-01 9.180160e-01 -3.080856e+00
-5.773670e-01 6.974410e-01 -2.827513e+00
-5.773670e-01 1.559678e+00 -2.791227e+00
-5.773670e-01 1.574781e+00 -2.451876e+00
-5.773670e-01 6.687370e-01 -2.450509e+00
-5.760810e-01 1.660669e+00 1.959391e+00
-5.700560e-01 1.047951e+00 3.497920e+00
-5.700560e-01 1.244143e+00 3.532514e+00
-5.687790e-01 7.147420e-01 -2.924922e+00
-5.687790e-01 1.559678e+00 -2.921567e+00
-5.676330e-01 8.202000e-02 2.365638e+00
-5.665070e-01 1.578210e-01 3.467541e+00
-5.665070e-01 2.871390e-01 3.467542e+00
-5.617590e-01 2.224800e-01 3.493054e+00
-5.611800e-01 1.239923e+00 4.719610e-01
-5.591880e-01 2.761590e-01 2.124756e+00
-5.588490e-01 1.469349e+00 -3.222114e+00
-5.575010e-01 8.181170e-01 4.087276e+00
-5.575010e-01 1.269123e+00 4.166801e+00
-5.571980e-01 2.454070e-01 3.493054e+00
-5.571980e-01 1.995530e-01 3.493054e+00
-5.569450e-01 1.403380e-01 2.217868e+00
-5.569030e-01 9.018700e-01 3.310329e+00
-5.569030e-01 1.445574e+00 3.406198e+00
-5.568200e-01 8.265990e-01 4.025382e+00
-5.568200e-01 1.282435e+00 4.105758e+00
-5.515600e-01 8.957690e-01 3.398215e+00
-5.515600e-01 1.421247e+00 3.490872e+00
-5.459300e-01 5.045250e-01 2.071723e+00
-5.442110e-01 2.648430e-01 3.493054e+00
-5.442110e-01 1.801170e-01 3.493054e+00
-5.438400e-01 3.238570e-01 3.394389e+00
-5.438400e-01 1.211030e-01 3.394389e+00
-5.414680e-01 1.481369e+00 -3.301902e+00
-5.414680e-01 1.059970e+00 -3.297695e+00
-5.414680e-01 1.064284e+00 -2.456696e+00
-5.414680e-01 9.181910e-01 -2.454411e+00
-5.403450e-01 4.771600e-01 2.073205e+00
-5.401980e-01 3.646570e-01 3.701151e+00
-5.400430e-01 5.211670e-01 2.071239e+00
-5.397920e-01 3.631500e-01 3.727881e+00
-5.379170e-01 9.097950e-01 3.454759e+00
-5.379170e-01 1.388729e+00 3.539208e+00
-5.368410e-01 1.379990e-01 3.467541e+00
-5.368410e-01 3.069610e-01 3.467542e+00
-5.366370e-01 8.851000e-02 3.701151e+00
-5.362690e-01 8.993000e-02 3.727881e+00
-5.344240e-01 1.554186e+00 -3.150999e+00
-5.344240e-01 7.540640e-01 -3.059380e+00
-5.339090e-01 8.551330e-01 4.094640e+00
-5.339080e-01 1.230035e+00 4.160745e+00
-5.333890e-01 3.394130e-01 3.727881e+00
-5.332360e-01 4.645550e-01 2.074091e+00
-5.324730e-01 2.224800e-01 3.501322e+00
-5.320160e-01 2.317420e-01 3.485287e+00
-5.318080e-01 2.155800e-01 3.485287e+00
-5.304600e-01 1.122970e-01 3.727881e+00
-5.304240e-01 5.252270e-01 1.943946e+00
-5.304240e-01 1.626967e+00 1.951890e+00
-5.304240e-01 1.424096e+00 4.250764e+00
-5.301410e-01 2.342000e-01 3.501322e+00
-5.301410e-01 2.107610e-01 3.501322e+00
-5.280520e-01 1.136395e+00 3.569956e+00
-5.256220e-01 1.695126e+00 1.593831e+00
-5.247750e-01 2.778300e-01 3.493054e+00
-5.247750e-01 1.671300e-01 3.493054e+00
-5.241160e-01 2.456330e-01 3.485287e+00
-5.235470e-01 2.014800e-01 3.485287e+00
-5.235030e-01 2.441350e-01 3.501322e+00
-5.235030e-01 2.008250e-01 3.501322e+00
-5.181400e-01 4.479410e-01 2.075367e+00
-5.170590e-01 9.421580e-01 3.479266e+00
-5.170590e-01 1.349936e+00 3.551169e+00
-5.162560e-01 2.490700e-01 2.122474e+00
-5.135680e-01 2.507730e-01 3.501322e+00
-5.135680e-01 1.941870e-01 3.501322e+00
-5.115050e-01 1.515378e+00 -3.219018e+00
-5.110330e-01 5.562270e-01 2.070967e+00
-5.105650e-01 1.072124e+00 3.558623e+00
-5.105650e-01 1.200665e+00 3.581288e+00
-5.102800e-01 1.251003e+00 1.703130e-01
-5.102240e-01 2.535330e-01 3.485287e+00
-5.101570e-01 9.385070e-01 3.715798e+00
-5.101570e-01 1.280488e+00 3.776099e+00
-5.094460e-01 1.932190e-01 3.485287e+00
-5.035380e-01 5.487320e-01 3.406342e+00
-5.035380e-01 5.487320e-01 3.721904e+00
-5.018480e-01 3.322100e-01 3.394389e+00
-5.018480e-01 1.127500e-01 3.394389e+00
-5.018480e-01 3.139210e-01 3.467541e+00
-5.018480e-01 1.310390e-01 3.467541e+00
-5.018480e-01 2.224800e-01 3.480451e+00
-5.018480e-01 2.823910e-01 3.493054e+00
-5.018480e-01 1.625690e-01 3.493054e+00
-5.018480e-01 2.531050e-01 3.501322e+00
-5.018480e-01 1.918560e-01 3.501322e+00
-5.018480e-01 2.224800e-01 3.504118e+00
-5.018480e-01 2.224800e-01 3.505194e+00
-5.011230e-01 1.474232e+00 -3.501562e+00
-5.011230e-01 1.080575e+00 -3.457514e+00
-5.000690e-01 1.548693e+00 -3.300262e+00
-5.000690e-01 9.490990e-01 -3.294984e+00
-4.971370e-01 9.761390e-01 3.485258e+00
-4.971370e-01 1.315954e+00 3.545177e+00
-4.965190e-01 4.278380e-01 2.073490e+00
-4.940630e-01 2.533250e-01 3.485287e+00
-4.932850e-01 1.930110e-01 3.485287e+00
-4.901290e-01 2.507730e-01 3.501322e+00
-4.901290e-01 1.941870e-01 3.501322e+00
-4.838080e-01 1.626967e+00 -2.449632e+00
-4.838080e-01 5.252270e-01 -2.448265e+00
-4.822970e-01 4.191130e-01 2.072459e+00
-4.801930e-01 2.441350e-01 3.501322e+00
-4.801930e-01 2.008250e-01 3.501322e+00
-4.799630e-01 2.450640e-01 3.485287e+00
-4.793940e-01 2.009110e-01 3.485287e+00
-4.789210e-01 2.778300e-01 3.493054e+00
-4.789210e-01 1.671300e-01 3.493054e+00
-4.735550e-01 2.342000e-01 3.501322e+00
-4.735550e-01 2.107600e-01 3.501322e+00
-4.725330e-01 3.386290e-01 3.727881e+00
-4.717020e-01 2.309640e-01 3.485287e+00
-4.714940e-01 2.148030e-01 3.485287e+00
-4.712240e-01 2.224800e-01 3.501322e+00
-4.696050e-01 1.115120e-01 3.727881e+00
-4.678640e-01 1.266011e+00 -2.185350e-01
-4.668550e-01 3.069610e-01 3.467541e+00
-4.668550e-01 1.379990e-01 3.467541e+00
-4.665820e-01 3.622060e-01 3.727881e+00
-4.662050e-01 3.637030e-01 3.701151e+00
-4.642480e-01 1.133267e+00 3.587694e+00
-4.630590e-01 8.898600e-02 3.727881e+00
-4.630300e-01 1.537709e+00 -3.499447e+00
-4.630300e-01 9.774090e-01 -3.439576e+00
-4.627900e-01 1.025075e+00 3.550327e+00
-4.627900e-01 1.247715e+00 3.589584e+00
-4.626440e-01 8.755600e-02 3.701151e+00
-4.600020e-01 5.051960e-01 2.068513e+00
-4.598560e-01 3.238570e-01 3.394389e+00
-4.598560e-01 1.211030e-01 3.394389e+00
-4.595770e-01 5.047700e-01 2.068513e+00
-4.595130e-01 5.081940e-01 2.068513e+00
-4.594850e-01 2.648430e-01 3.493054e+00
-4.594850e-01 1.801170e-01 3.493054e+00
-4.591720e-01 5.078070e-01 2.068513e+00
-4.591110e-01 5.062420e-01 2.068513e+00
-4.590020e-01 5.074720e-01 2.068513e+00
-4.590010e-01 5.076360e-01 2.068513e+00
-4.589090e-01 5.067200e-01 2.068513e+00
-4.588860e-01 5.061530e-01 2.068513e+00
-4.587900e-01 5.072590e-01 2.068513e+00
-4.587130e-01 1.137321e+00 3.571532e+00
-4.582720e-01 3.258320e-01 3.228990e+00
-4.582720e-01 1.668242e+00 3.478706e+00
-4.562640e-01 1.488384e+00 -3.398718e+00
-4.553090e-01 1.100414e+00 3.581901e+00
-4.553090e-01 1.166120e+00 3.593487e+00
-4.506940e-01 1.108532e+00 3.566740e+00
-4.506940e-01 1.166013e+00 3.576875e+00
-4.464980e-01 2.454070e-01 3.493054e+00
-4.464980e-01 1.995530e-01 3.493054e+00
-4.430880e-01 1.443749e+00 -3.212133e+00
-4.427090e-01 4.193180e-01 2.070687e+00
-4.419370e-01 2.224800e-01 3.493054e+00
-4.381730e-01 1.291367e+00 -6.388150e-01
-4.376750e-01 1.488384e+00 -3.398718e+00
-4.371890e-01 2.871390e-01 3.467541e+00
-4.371890e-01 1.578210e-01 3.467541e+00
-4.308880e-01 1.076364e+00 3.577660e+00
-4.308880e-01 1.190171e+00 3.597728e+00
-4.287850e-01 1.087359e+00 3.563784e+00
-4.287850e-01 1.186920e+00 3.581339e+00
-4.242570e-01 3.000710e-01 3.394389e+00
-4.242570e-01 1.448890e-01 3.394389e+00
-4.226030e-01 1.710860e+00 1.158337e+00
-4.219270e-01 7.824090e-01 4.085787e+00
-4.219270e-01 1.303186e+00 4.177615e+00
-4.212120e-01 8.254510e-01 4.093402e+00
-4.212120e-01 1.258350e+00 4.169734e+00
-4.197940e-01 7.905090e-01 4.023877e+00
-4.197940e-01 1.316863e+00 4.116688e+00
-4.194380e-01 3.075210e-01 3.727881e+00
-4.173670e-01 2.574730e-01 3.467541e+00
-4.173670e-01 1.874870e-01 3.467541e+00
-4.172940e-01 1.412600e-01 3.727881e+00
-4.104070e-01 2.224800e-01 3.467541e+00
-4.073560e-01 9.114320e-01 3.714669e+00
-4.073560e-01 1.306317e+00 3.784298e+00
-4.055230e-01 4.117190e-01 1.933627e+00
-4.055230e-01 1.668242e+00 1.941571e+00
-4.055220e-01 1.434415e+00 4.250763e+00
-4.027090e-01 3.247840e-01 3.727881e+00
-4.016470e-01 3.258800e-01 3.701151e+00
-4.013100e-01 1.488384e+00 -3.398718e+00
-4.004710e-01 2.644720e-01 3.394389e+00
-4.004710e-01 1.804880e-01 3.394389e+00
-4.001300e-01 1.247730e-01 3.727881e+00
-3.990410e-01 1.237260e-01 3.701151e+00
-3.988570e-01 1.079477e+00 3.563455e+00
-3.988570e-01 1.194439e+00 3.583726e+00
-3.988210e-01 2.463320e-01 2.118558e+00
-3.975280e-01 8.598140e-01 3.302913e+00
-3.975280e-01 8.551240e-01 3.391049e+00
-3.975280e-01 1.487629e+00 3.413614e+00
-3.975280e-01 8.727490e-01 3.448227e+00
-3.975280e-01 9.106160e-01 3.473704e+00
-3.975280e-01 9.498550e-01 3.480623e+00
-3.975280e-01 1.461893e+00 3.498039e+00
-3.975280e-01 1.425774e+00 3.545740e+00
-3.975280e-01 1.007854e+00 3.547290e+00
-3.975280e-01 1.342239e+00 3.549811e+00
-3.975280e-01 1.381477e+00 3.556730e+00
-3.975280e-01 1.137744e+00 3.562303e+00
-3.975280e-01 1.067561e+00 3.576108e+00
-3.975280e-01 1.264936e+00 3.592621e+00
-3.975280e-01 1.132209e+00 3.593694e+00
-3.975280e-01 1.198974e+00 3.599280e+00
-3.949380e-01 4.401320e-01 2.069475e+00
-3.921180e-01 2.224800e-01 3.394389e+00
-3.918820e-01 1.448340e-01 2.212415e+00
-3.917830e-01 1.456390e+00 -3.927722e+00
-3.917830e-01 1.160711e+00 -3.915947e+00
-3.883310e-01 2.544260e-01 3.727881e+00
-3.875460e-01 1.935700e-01 3.727881e+00
-3.757630e-01 8.504700e-02 2.373466e+00
-3.706900e-01 4.511490e-01 -2.839825e+00
-3.706900e-01 1.646673e+00 -2.789796e+00
-3.706900e-01 1.668242e+00 -2.447857e+00
-3.706900e-01 4.117190e-01 -2.446490e+00
-3.689290e-01 1.086996e+00 3.565842e+00
-3.689290e-01 1.186557e+00 3.583397e+00
-3.653820e-01 4.749170e-01 -2.926926e+00
-3.653820e-01 1.646673e+00 -2.922426e+00
-3.652870e-01 2.609110e-01 3.727881e+00
-3.643430e-01 1.877020e-01 3.727881e+00
-3.641680e-01 1.076364e+00 3.577660e+00
-3.641680e-01 1.190171e+00 3.597728e+00
-3.638240e-01 2.613230e-01 3.701151e+00
-3.628700e-01 1.873290e-01 3.701151e+00
-3.626500e-01 1.510248e+00 -3.928659e+00
-3.626500e-01 1.087511e+00 -3.912194e+00
-3.565870e-01 1.530340e+00 -3.206519e+00
-3.550280e-01 5.697970e-01 3.273263e+00
-3.487570e-01 1.488384e+00 -3.398719e+00
-3.470200e-01 1.107903e+00 3.570305e+00
-3.470200e-01 1.165384e+00 3.580441e+00
-3.443430e-01 5.576040e-01 3.360022e+00
-3.441500e-01 1.638830e+00 -3.156439e+00
-3.441500e-01 5.289330e-01 -3.029889e+00
-3.439280e-01 -2.273300e-02 3.406342e+00
-3.397460e-01 1.100414e+00 3.581901e+00
-3.397460e-01 1.166120e+00 3.593487e+00
-3.390010e-01 1.136595e+00 3.575649e+00
-3.385050e-01 1.709094e+00 7.228870e-01
-3.322660e-01 1.247715e+00 3.589584e+00
-3.322650e-01 1.025075e+00 3.550327e+00
-3.308070e-01 1.133267e+00 3.587694e+00
-3.229170e-01 1.630985e+00 -3.298258e+00
-3.229170e-01 7.968560e-01 -3.291262e+00
-3.170560e-01 5.501930e-01 3.412753e+00
-3.151840e-01 1.210378e+00 2.006232e+00
-3.123230e-01 4.119730e-01 3.251083e+00
-3.123230e-01 7.276210e-01 3.295444e+00
-3.087820e-01 3.989200e-01 3.973793e+00
-3.085150e-01 8.537670e-01 4.102391e+00
-3.085150e-01 1.228668e+00 4.168496e+00
-3.058950e-01 3.817160e-01 4.033788e+00
-3.045560e-01 9.372610e-01 3.722869e+00
-3.045560e-01 1.279242e+00 3.783169e+00
-3.030700e-01 4.050700e-01 3.338585e+00
-3.030700e-01 7.101370e-01 3.381459e+00
-3.000260e-01 1.615299e+00 -3.496862e+00
-3.000260e-01 8.357470e-01 -3.414944e+00
-2.979180e-01 9.761390e-01 3.485258e+00
-2.979180e-01 1.315954e+00 3.545177e+00
-2.970850e-01 2.401460e-01 3.214709e+00
-2.970840e-01 1.696804e+00 3.485846e+00
-2.964560e-01 1.705497e+00 5.168250e-01
-2.888740e-01 1.210378e+00 -2.458981e+00
-2.880390e-01 2.986760e-01 3.945049e+00
-2.880390e-01 4.991630e-01 4.002538e+00
-2.863530e-01 8.164730e-01 4.096601e+00
-2.863530e-01 1.267478e+00 4.176126e+00
-2.853710e-01 2.825350e-01 4.005348e+00
-2.853710e-01 4.808970e-01 4.062228e+00
-2.844900e-01 1.072124e+00 3.558623e+00
-2.844900e-01 1.200666e+00 3.581288e+00
-2.827680e-01 8.249370e-01 4.034806e+00
-2.827680e-01 1.280773e+00 4.115183e+00
-2.823140e-01 1.488384e+00 -3.398719e+00
-2.794390e-01 4.111700e-01 3.393214e+00
-2.794390e-01 6.892160e-01 3.432291e+00
-2.779960e-01 9.421580e-01 3.479266e+00
-2.779960e-01 1.349936e+00 3.551169e+00
-2.753400e-01 5.476160e-01 3.431087e+00
-2.712270e-01 1.700110e+00 2.082320e-01
-2.670030e-01 1.136395e+00 3.569955e+00
-2.644840e-01 3.331730e-01 1.926486e+00
-2.644840e-01 1.696804e+00 1.934430e+00
-2.644830e-01 1.441555e+00 4.250763e+00
-2.603990e-01 3.817160e-01 4.033788e+00
-2.588540e-01 3.040480e-01 2.115878e+00
-2.571390e-01 9.097950e-01 3.454759e+00
-2.571390e-01 1.388729e+00 3.539208e+00
-2.557830e-01 1.426531e+00 -3.196405e+00
-2.502020e-01 1.692727e+00 -2.147420e-01
-2.434950e-01 8.957690e-01 3.398215e+00
-2.434950e-01 1.421247e+00 3.490872e+00
-2.433390e-01 2.992710e-01 4.010147e+00
-2.433380e-01 4.641610e-01 4.057429e+00
-2.433120e-01 4.292480e-01 3.414452e+00
-2.433120e-01 6.659840e-01 3.447723e+00
-2.429570e-01 3.758820e-01 -2.843587e+00
-2.429570e-01 3.331730e-01 -2.445261e+00
-2.429560e-01 1.696804e+00 -2.446628e+00
-2.407180e-01 4.887070e-01 3.660668e+00
-2.396760e-01 4.016250e-01 -2.927538e+00
-2.381530e-01 9.018700e-01 3.310329e+00
-2.381530e-01 1.445574e+00 3.406198e+00
-2.379880e-01 1.576082e+00 -3.929804e+00
-2.379880e-01 9.869950e-01 -3.907041e+00
-2.354960e-01 5.476160e-01 3.431087e+00
-2.354850e-01 1.679478e+00 -6.395750e-01
-2.293010e-01 1.009073e+00 3.738200e+00
-2.293000e-01 1.206516e+00 3.773014e+00
-2.289680e-01 2.136940e-01 3.920681e+00
-2.289670e-01 5.841450e-01 4.026906e+00
-2.269260e-01 1.984540e-01 3.981238e+00
-2.269260e-01 5.649790e-01 4.086338e+00
-2.265540e-01 4.601330e-01 -3.020876e+00
-2.260160e-01 9.324920e-01 4.119198e+00
-2.260150e-01 1.148942e+00 4.157364e+00
-2.251560e-01 4.135020e-01 3.639103e+00
-2.251560e-01 5.639120e-01 3.682233e+00
-2.249990e-01 1.047951e+00 3.497920e+00
-2.249990e-01 1.244143e+00 3.532514e+00
-2.233870e-01 1.265461e+00 -4.348128e+00
-2.233870e-01 1.417136e+00 -4.347829e+00
-2.134310e-01 7.503310e-01 -3.290124e+00
-2.088060e-01 4.489760e-01 3.417224e+00
-2.088060e-01 6.462560e-01 3.444950e+00
-2.080540e-01 1.449836e+00 -4.350640e+00
-2.080540e-01 1.231429e+00 -4.350189e+00
-2.048850e-01 1.488384e+00 -3.398719e+00
-2.017550e-01 1.107628e+00 3.756554e+00
-1.992840e-01 7.924540e-01 -3.407416e+00
-1.983090e-01 1.146047e+00 3.515217e+00
-1.958190e-01 1.040534e+00 4.139320e+00
-1.956530e-01 2.964380e-01 3.234845e+00
-1.956530e-01 8.431560e-01 3.311682e+00
-1.947550e-01 2.293780e-01 3.990106e+00
-1.947550e-01 5.340540e-01 4.077471e+00
-1.908110e-01 2.360050e-01 2.208682e+00
-1.904930e-01 1.028331e+00 3.494461e+00
-1.904930e-01 1.263762e+00 3.535974e+00
-1.903100e-01 2.934080e-01 3.322891e+00
-1.903100e-01 8.218000e-01 3.397152e+00
-1.871060e-01 9.111800e-01 4.116820e+00
-1.871060e-01 1.171568e+00 4.162733e+00
-1.824590e-01 9.206580e-01 4.055242e+00
-1.824580e-01 1.183835e+00 4.101647e+00
-1.808390e-01 3.497460e-01 3.620821e+00
-1.808390e-01 6.276680e-01 3.700515e+00
-1.766670e-01 3.093990e-01 3.378911e+00
-1.766670e-01 7.909870e-01 3.446594e+00
-1.668020e-01 5.398810e-01 3.486129e+00
-1.609420e-01 9.562770e-01 -3.905466e+00
-1.584650e-01 1.146047e+00 3.515217e+00
-1.558090e-01 3.425970e-01 3.402274e+00
-1.558090e-01 7.526360e-01 3.459901e+00
-1.543670e-01 1.011006e+00 3.472605e+00
-1.543670e-01 1.287518e+00 3.521362e+00
-1.507790e-01 1.041153e+00 4.141026e+00
-1.493150e-01 4.752540e-01 3.477046e+00
-1.493150e-01 6.045080e-01 3.495212e+00
-1.457430e-01 1.052024e+00 4.079707e+00
-1.450810e-01 1.538712e+00 -3.189244e+00
-1.431820e-01 1.883760e-01 2.378824e+00
-1.424420e-01 1.489806e+00 -4.354076e+00
-1.424420e-01 1.184699e+00 -4.353020e+00
-1.405610e-01 1.569110e-01 3.904398e+00
-1.405610e-01 6.409280e-01 4.043189e+00
-1.394560e-01 1.422720e-01 3.965128e+00
-1.394550e-01 6.211600e-01 4.102448e+00
-1.358870e-01 3.767670e-01 3.407076e+00
-1.358870e-01 7.184660e-01 3.455099e+00
-1.307360e-01 1.006816e+00 3.417796e+00
-1.307360e-01 1.310201e+00 3.471291e+00
-1.268560e-01 2.191720e-01 2.804913e+00
-1.263250e-01 1.315259e+00 -4.449008e+00
-1.263250e-01 1.388588e+00 -4.448516e+00
-1.244990e-01 1.963450e-01 3.207409e+00
-1.244990e-01 1.711404e+00 3.489497e+00
-1.220450e-01 1.826760e-01 3.976714e+00
-1.220450e-01 5.807560e-01 4.090862e+00
-1.214820e-01 1.016768e+00 3.330588e+00
-1.214820e-01 1.330676e+00 3.385939e+00
-1.198520e-01 1.488384e+00 -3.398719e+00
-1.189460e-01 1.299848e+00 -4.449841e+00
-1.189460e-01 1.405899e+00 -4.449452e+00
-1.167500e-01 1.149262e+00 3.496983e+00
-1.145140e-01 3.071450e-01 3.608606e+00
-1.145140e-01 6.702690e-01 3.712730e+00
-1.134720e-01 2.930230e-01 1.922836e+00
-1.134710e-01 1.711404e+00 1.930780e+00
-1.134710e-01 1.445205e+00 4.250763e+00
-1.061910e-01 3.374070e-01 -2.845511e+00
-1.061910e-01 2.930230e-01 -2.444634e+00
-1.061900e-01 1.686850e+00 -2.789135e+00
-1.061900e-01 1.711404e+00 -2.446000e+00
-1.050810e-01 3.641610e-01 -2.927852e+00
-1.050810e-01 1.686850e+00 -2.922823e+00
-1.029980e-01 5.373740e-01 3.503966e+00
-1.018920e-01 1.170418e+00 -4.353885e+00
-1.015400e-01 4.279430e-01 3.470397e+00
-1.015400e-01 6.518180e-01 3.501861e+00
-1.006420e-01 1.677920e+00 -3.158952e+00
-1.006420e-01 4.249640e-01 -3.016270e+00
-9.620300e-02 1.668990e+00 -3.297333e+00
-9.620300e-02 7.265480e-01 -3.289543e+00
-9.579600e-02 5.378500e-01 3.489289e+00
-9.405900e-02 5.043380e-01 3.499323e+00
-9.405900e-02 5.704090e-01 3.508609e+00
-9.141800e-02 1.651131e+00 -3.495668e+00
-9.141800e-02 7.703240e-01 -3.403569e+00
-9.126600e-02 5.159550e-01 3.483011e+00
-9.126600e-02 5.597440e-01 3.495567e+00
-9.099700e-02 2.191720e-01 2.087726e+00
-9.099700e-02 3.860900e-02 2.121618e+00
-9.099700e-02 -2.838400e-02 2.161895e+00
-9.099700e-02 2.191720e-01 2.804913e+00
-9.099700e-02 -1.585924e+00 3.725005e+00
-9.099700e-02 -1.623200e+00 3.788775e+00
-9.099700e-02 -1.673601e+00 3.860927e+00
-9.099700e-02 -1.709703e+00 3.955027e+00
-9.099600e-02 -2.295230e-01 3.824333e+00
-9.099600e-02 -1.711404e+00 4.391253e+00
-9.099600e-02 -1.555087e+00 4.441598e+00
-9.099600e-02 -1.689073e+00 4.451668e+00
-9.099600e-02 -1.633246e+00 4.461737e+00
-8.946300e-02 1.158508e+00 3.444543e+00
-8.737000e-02 1.278686e+00 -4.450984e+00
-8.737000e-02 1.427060e+00 -4.450596e+00
-7.877800e-02 1.173722e+00 3.358264e+00
-7.844800e-02 1.606486e+00 -3.930333e+00
-7.844800e-02 9.405750e-01 -3.904661e+00
-7.836400e-02 4.973940e-01 3.477688e+00
-7.836400e-02 5.783050e-01 3.500889e+00
-6.963800e-02 4.801550e-01 3.495924e+00
-6.963800e-02 5.945930e-01 3.512007e+00
-6.785500e-02 1.272219e+00 -4.451334e+00
-5.905400e-02 4.849920e-01 3.474132e+00
-5.905400e-02 5.907070e-01 3.504445e+00
-5.847400e-02 1.508265e+00 -4.355663e+00
-5.847400e-02 1.163117e+00 -4.354327e+00
-5.557500e-02 1.007690e-01 3.406342e+00
-4.696100e-02 1.268914e+00 -4.451513e+00
-4.696100e-02 1.436832e+00 -4.451124e+00
-3.758000e-02 1.977450e-01 3.207642e+00
-3.741800e-02 2.943060e-01 1.922953e+00
-3.741700e-02 1.711307e+00 1.930805e+00
-3.731200e-02 3.386370e-01 -2.845449e+00
-3.731100e-02 1.711307e+00 -2.446004e+00
-3.731100e-02 2.943060e-01 -2.444654e+00
-3.729500e-02 3.653580e-01 -2.927842e+00
-3.723000e-02 4.260880e-01 -3.016417e+00
-3.716400e-02 7.273080e-01 -3.289562e+00
-3.709400e-02 7.710310e-01 -3.403692e+00
-3.690200e-02 9.410770e-01 -3.904687e+00
-3.660700e-02 1.163351e+00 -4.354313e+00
-3.643800e-02 1.269019e+00 -4.451508e+00
-3.628000e-02 1.356472e+00 -4.461737e+00
-3.627900e-02 1.356472e+00 -2.442987e+00
-3.627800e-02 1.356472e+00 1.913263e+00
-3.627800e-02 1.590371e+00 2.444141e+00
-3.627800e-02 2.541490e-01 3.228902e+00
-3.627800e-02 2.525370e-01 3.317147e+00
-3.627800e-02 8.854450e-01 3.317625e+00
-3.627800e-02 2.721470e-01 3.373676e+00
-3.627800e-02 3.108800e-01 3.397816e+00
-3.627800e-02 1.356472e+00 3.400763e+00
-3.627800e-02 8.626710e-01 3.402896e+00
-3.627800e-02 3.503360e-01 3.403361e+00
-3.627800e-02 8.282380e-01 3.451829e+00
-3.627800e-02 7.448960e-01 3.458813e+00
-3.627800e-02 7.843520e-01 3.464358e+00
-3.627800e-02 4.106270e-01 3.467964e+00
-3.627800e-02 4.806370e-01 3.472883e+00
-3.627800e-02 5.409620e-01 3.478434e+00
-3.627800e-02 4.713030e-01 3.494680e+00
-3.627800e-02 6.691350e-01 3.504295e+00
-3.627800e-02 5.950620e-01 3.505694e+00
-3.627800e-02 5.365260e-01 3.509999e+00
-3.627800e-02 6.034440e-01 3.513251e+00
-3.627800e-02 2.921860e-01 3.604316e+00
-3.627800e-02 6.852280e-01 3.717020e+00
-3.627800e-02 1.369710e-01 3.898680e+00
-3.627800e-02 1.225440e-01 3.959471e+00
-3.627800e-02 1.662770e-01 3.972012e+00
-3.627700e-02 6.608670e-01 4.048906e+00
-3.627700e-02 5.971550e-01 4.095565e+00
-3.627700e-02 6.408890e-01 4.108105e+00
-3.572300e-02 1.356472e+00 3.400763e+00
-3.524800e-02 1.711307e+00 -2.446004e+00
-3.513900e-02 1.711307e+00 1.930805e+00
-3.463700e-02 1.356472e+00 3.400763e+00
-3.362300e-02 1.356472e+00 3.400763e+00
-3.272500e-02 1.356472e+00 3.400763e+00
-3.198200e-02 1.356472e+00 3.400763e+00
-3.159800e-02 1.356472e+00 3.400763e+00
-3.093400e-02 1.488384e+00 -3.398719e+00
-2.932000e-02 1.420650e+00 -3.178796e+00
-2.559900e-02 1.268914e+00 -4.451513e+00
-2.559900e-02 1.436832e+00 -4.451124e+00
-2.353600e-02 1.268161e+00 -6.389120e-01
-2.259500e-02 1.239747e+00 -2.165780e-01
-2.125000e-02 1.222712e+00 1.743050e-01
-1.963600e-02 1.210888e+00 5.219870e-01
-1.698000e-02 1.007700e-01 3.406342e+00
-1.694600e-02 1.214890e+00 7.512300e-01
-1.408600e-02 1.508265e+00 -4.355663e+00
-1.408600e-02 1.163117e+00 -4.354327e+00
-1.350100e-02 4.849920e-01 3.474132e+00
-1.350100e-02 5.907070e-01 3.504445e+00
-1.156600e-02 1.270043e+00 1.177380e+00
-7.889000e-03 -1.711404e+00 4.391253e+00
-7.836000e-03 -1.709703e+00 3.955027e+00
-7.192000e-03 -1.689073e+00 4.451668e+00
-6.708000e-03 -1.673601e+00 3.860927e+00
-5.447000e-03 -1.633246e+00 4.461737e+00
-5.133000e-03 -1.623200e+00 3.788775e+00
-4.976000e-03 1.343187e+00 1.609145e+00
-4.704000e-03 1.272219e+00 -4.451334e+00
-3.968000e-03 -1.585924e+00 3.725005e+00
-3.005000e-03 -1.555087e+00 4.441598e+00
-2.918000e-03 4.801550e-01 3.495924e+00
-2.918000e-03 5.945930e-01 3.512007e+00
-1.748000e-03 1.427672e+00 2.007233e+00
-1.930000e-04 1.471866e+00 2.446209e+00
0.000000e+00 1.441997e+00 2.144505e+00
5.808000e-03 4.973940e-01 3.477688e+00
5.808000e-03 5.783050e-01 3.500889e+00
5.888000e-03 9.405750e-01 -3.904661e+00
5.889000e-03 1.606486e+00 -3.930333e+00
6.222000e-03 1.173722e+00 3.358263e+00
1.481000e-02 1.278686e+00 -4.450984e+00
1.481000e-02 1.427060e+00 -4.450596e+00
1.690700e-02 1.158508e+00 3.444543e+00
1.871000e-02 5.159550e-01 3.483010e+00
1.871000e-02 5.597440e-01 3.495567e+00
1.885800e-02 1.651131e+00 -3.495668e+00
1.885800e-02 7.703240e-01 -3.403569e+00
2.150400e-02 5.043380e-01 3.499323e+00
2.150400e-02 5.704090e-01 3.508609e+00
2.324100e-02 5.378490e-01 3.489289e+00
2.364400e-02 1.668990e+00 -3.297333e+00
2.364400e-02 7.265480e-01 -3.289543e+00
2.808200e-02 4.249640e-01 -3.016270e+00
2.808300e-02 1.677920e+00 -3.158952e+00
2.898400e-02 4.279430e-01 3.470397e+00
2.898400e-02 6.518180e-01 3.501861e+00
2.933200e-02 1.170418e+00 -4.353885e+00
3.044200e-02 5.373740e-01 3.503966e+00
3.252100e-02 3.641600e-01 -2.927852e+00
3.252200e-02 1.686850e+00 -2.922823e+00
3.363100e-02 3.374070e-01 -2.845511e+00
3.363100e-02 1.686850e+00 -2.789135e+00
3.363100e-02 2.930230e-01 -2.444634e+00
3.363200e-02 1.711404e+00 -2.446000e+00
3.841900e-02 -2.295230e-01 3.824333e+00
4.091500e-02 2.930230e-01 1.922836e+00
4.091500e-02 1.711404e+00 1.930780e+00
4.091600e-02 1.445205e+00 4.250763e+00
4.195800e-02 3.071450e-01 3.608606e+00
4.195800e-02 6.702690e-01 3.712730e+00
4.419400e-02 1.149262e+00 3.496983e+00
4.470500e-02 -2.838400e-02 2.161895e+00
4.638600e-02 1.299848e+00 -4.449841e+00
4.638600e-02 1.405899e+00 -4.449452e+00
4.679800e-02 3.860900e-02 2.121618e+00
4.892700e-02 1.016768e+00 3.330588e+00
4.892700e-02 1.330676e+00 3.385938e+00
4.949000e-02 1.826760e-01 3.976714e+00
4.949000e-02 5.807560e-01 4.090862e+00
5.194200e-02 1.963450e-01 3.207409e+00
5.194300e-02 1.711404e+00 3.489497e+00
5.244100e-02 2.191720e-01 2.087726e+00
5.244100e-02 2.191720e-01 2.804913e+00
5.376500e-02 1.315259e+00 -4.449008e+00
5.376500e-02 1.388588e+00 -4.448516e+00
5.798400e-02 1.488384e+00 -3.398719e+00
5.818000e-02 1.006816e+00 3.417796e+00
5.818000e-02 1.310201e+00 3.471291e+00
6.333200e-02 3.767670e-01 3.407076e+00
6.333200e-02 7.184660e-01 3.455099e+00
6.462300e-02 1.051972e+00 4.080001e+00
6.690000e-02 1.422720e-01 3.965128e+00
6.690100e-02 6.211600e-01 4.102448e+00
6.800500e-02 1.569110e-01 3.904398e+00
6.800600e-02 6.409280e-01 4.043189e+00
6.975100e-02 1.041102e+00 4.141317e+00
6.988200e-02 1.489806e+00 -4.354077e+00
6.988200e-02 1.184698e+00 -4.353020e+00
7.062600e-02 1.883760e-01 2.378824e+00
7.676000e-02 4.752530e-01 3.477046e+00
7.676000e-02 6.045080e-01 3.495212e+00
8.181100e-02 1.011006e+00 3.472605e+00
8.181100e-02 1.287518e+00 3.521362e+00
8.325300e-02 3.425970e-01 3.402274e+00
8.325400e-02 7.526360e-01 3.459901e+00
8.591000e-02 1.146047e+00 3.515217e+00
8.644100e-02 1.538692e+00 -3.190391e+00
8.830000e-02 2.191720e-01 2.804913e+00
8.838200e-02 9.562770e-01 -3.905466e+00
9.424700e-02 5.398800e-01 3.486129e+00
1.013390e-01 9.206060e-01 4.055536e+00
1.013390e-01 1.183783e+00 4.101941e+00
1.041110e-01 3.093980e-01 3.378911e+00
1.041110e-01 7.909870e-01 3.446594e+00
1.060780e-01 9.111280e-01 4.117111e+00
1.060780e-01 1.171516e+00 4.163024e+00
1.082840e-01 3.497460e-01 3.620821e+00
1.082840e-01 6.276680e-01 3.700514e+00
1.162200e-01 1.040491e+00 4.139561e+00
1.177550e-01 2.934080e-01 3.322891e+00
1.177550e-01 8.217990e-01 3.397152e+00
1.179380e-01 1.028331e+00 3.494461e+00
1.179380e-01 1.263762e+00 3.535974e+00
1.182550e-01 2.360050e-01 2.208682e+00
1.222000e-01 2.293780e-01 3.990106e+00
1.222000e-01 5.340540e-01 4.077471e+00
1.227750e-01 1.107589e+00 3.756775e+00
1.230970e-01 2.964380e-01 3.234845e+00
1.230970e-01 8.431560e-01 3.311682e+00
1.257540e-01 1.146047e+00 3.515217e+00
1.267240e-01 7.924540e-01 -3.407417e+00
1.354940e-01 1.449836e+00 -4.350640e+00
1.354940e-01 1.231429e+00 -4.350189e+00
1.362510e-01 4.489760e-01 3.417224e+00
1.362510e-01 6.462560e-01 3.444950e+00
1.408720e-01 7.503310e-01 -3.290125e+00
1.430160e-01 1.488384e+00 -3.398719e+00
1.464170e-01 9.324500e-01 4.119440e+00
1.464170e-01 1.148899e+00 4.157606e+00
1.503200e-01 1.009034e+00 3.738420e+00
1.503200e-01 1.206477e+00 3.773235e+00
1.508270e-01 1.265461e+00 -4.348128e+00
1.508270e-01 1.417136e+00 -4.347830e+00
1.524440e-01 1.047951e+00 3.497920e+00
1.524440e-01 1.244143e+00 3.532514e+00
1.526010e-01 4.135020e-01 3.639103e+00
1.526010e-01 5.639120e-01 3.682233e+00
1.539940e-01 4.601320e-01 -3.020876e+00
1.543700e-01 1.984530e-01 3.981238e+00
1.543710e-01 5.649790e-01 4.086338e+00
1.564120e-01 2.136940e-01 3.920680e+00
1.564120e-01 5.841450e-01 4.026906e+00
1.629410e-01 5.476160e-01 3.431087e+00
1.654280e-01 1.576082e+00 -3.929804e+00
1.654280e-01 9.869950e-01 -3.907041e+00
1.655970e-01 9.018700e-01 3.310329e+00
1.655970e-01 1.445574e+00 3.406198e+00
1.671160e-01 4.016250e-01 -2.927538e+00
1.681630e-01 4.887070e-01 3.660668e+00
1.703970e-01 3.758820e-01 -2.843587e+00
1.703970e-01 3.331730e-01 -2.445261e+00
1.703980e-01 1.696804e+00 -2.446628e+00
1.707560e-01 4.292480e-01 3.414452e+00
1.707570e-01 6.659840e-01 3.447723e+00
1.707830e-01 2.992710e-01 4.010147e+00
1.707830e-01 4.641610e-01 4.057429e+00
1.709400e-01 8.957690e-01 3.398215e+00
1.709400e-01 1.421247e+00 3.490871e+00
1.845830e-01 9.097950e-01 3.454759e+00
1.845830e-01 1.388729e+00 3.539208e+00
1.862980e-01 3.040470e-01 2.115877e+00
1.878430e-01 3.817160e-01 4.033788e+00
1.884130e-01 1.679475e+00 -6.397380e-01
1.919270e-01 3.331730e-01 1.926486e+00
1.919280e-01 1.696804e+00 1.934430e+00
1.919280e-01 1.441555e+00 4.250763e+00
1.944480e-01 1.136395e+00 3.569955e+00
1.971420e-01 1.426511e+00 -3.197551e+00
2.016490e-01 8.248850e-01 4.035101e+00
2.016490e-01 1.280721e+00 4.115477e+00
2.027850e-01 5.476160e-01 3.431087e+00
2.050130e-01 1.692720e+00 -2.151680e-01
2.053250e-01 8.164210e-01 4.096892e+00
2.053250e-01 1.267427e+00 4.176417e+00
2.054410e-01 9.421580e-01 3.479266e+00
2.054410e-01 1.349936e+00 3.551168e+00
2.068830e-01 4.111700e-01 3.393214e+00
2.068830e-01 6.892160e-01 3.432291e+00
2.119350e-01 1.072124e+00 3.558623e+00
2.119350e-01 1.200665e+00 3.581288e+00
2.128160e-01 2.825350e-01 4.005348e+00
2.128160e-01 4.808970e-01 4.062227e+00
2.154840e-01 2.986760e-01 3.945049e+00
2.154840e-01 4.991620e-01 4.002538e+00
2.204460e-01 1.488384e+00 -3.398719e+00
2.245280e-01 2.401450e-01 3.214709e+00
2.245290e-01 1.696804e+00 3.485846e+00
2.253630e-01 9.761390e-01 3.485258e+00
2.253630e-01 1.315954e+00 3.545176e+00
2.255750e-01 9.372220e-01 3.723089e+00
2.255760e-01 1.279203e+00 3.783390e+00
2.274660e-01 8.357460e-01 -3.414944e+00
2.274670e-01 1.615299e+00 -3.496862e+00
2.287270e-01 1.700082e+00 2.066270e-01
2.289170e-01 8.537240e-01 4.102633e+00
2.289170e-01 1.228625e+00 4.168739e+00
2.305140e-01 4.050700e-01 3.338584e+00
2.305140e-01 7.101370e-01 3.381459e+00
2.333400e-01 3.817160e-01 4.033788e+00
2.362270e-01 3.989190e-01 3.973793e+00
2.397680e-01 4.119730e-01 3.251083e+00
2.397680e-01 7.276210e-01 3.295444e+00
2.445000e-01 5.501930e-01 3.412752e+00
2.503580e-01 1.630985e+00 -3.298258e+00
2.503580e-01 7.968560e-01 -3.291262e+00
2.571840e-01 1.705425e+00 5.127310e-01
2.582520e-01 1.133267e+00 3.587694e+00
2.597100e-01 1.025075e+00 3.550327e+00
2.597100e-01 1.247715e+00 3.589584e+00
2.645750e-01 1.136583e+00 3.575713e+00
2.671910e-01 1.100414e+00 3.581901e+00
2.671910e-01 1.166120e+00 3.593487e+00
2.713720e-01 -2.273300e-02 3.406342e+00
2.715900e-01 5.289330e-01 -3.029889e+00
2.715910e-01 1.638830e+00 -3.156440e+00
2.717870e-01 5.576040e-01 3.360022e+00
2.725940e-01 1.107891e+00 3.570370e+00
2.725940e-01 1.165373e+00 3.580505e+00
2.824720e-01 5.697970e-01 3.273263e+00
2.868890e-01 1.488384e+00 -3.398719e+00
2.900900e-01 1.087510e+00 -3.912194e+00
2.900910e-01 1.510248e+00 -3.928659e+00
2.911690e-01 2.648840e-01 3.701150e+00
2.916120e-01 1.076364e+00 3.577660e+00
2.916120e-01 1.190170e+00 3.597727e+00
2.921230e-01 1.908900e-01 3.701150e+00
2.926330e-01 2.644340e-01 3.727880e+00
2.928220e-01 4.749160e-01 -2.926926e+00
2.928230e-01 1.646673e+00 -2.922427e+00
2.935770e-01 1.912250e-01 3.727880e+00
2.945030e-01 1.086985e+00 3.565906e+00
2.945030e-01 1.186545e+00 3.583461e+00
2.979460e-01 1.530321e+00 -3.207666e+00
2.981310e-01 4.511490e-01 -2.839825e+00
2.981310e-01 1.646673e+00 -2.789796e+00
2.981310e-01 1.668242e+00 -2.447857e+00
2.981310e-01 4.117180e-01 -2.446490e+00
3.005130e-01 1.210378e+00 -2.458981e+00
3.032070e-01 8.504700e-02 2.373466e+00
3.046130e-01 1.709040e+00 7.198410e-01
3.156930e-01 2.573550e-01 3.727880e+00
3.164780e-01 1.964990e-01 3.727880e+00
3.192240e-01 1.456390e+00 -3.927722e+00
3.192240e-01 1.160711e+00 -3.915947e+00
3.193260e-01 1.448340e-01 2.212415e+00
3.195630e-01 2.224800e-01 3.394388e+00
3.223820e-01 4.401320e-01 2.069475e+00
3.244310e-01 1.079465e+00 3.563519e+00
3.244310e-01 1.194428e+00 3.583790e+00
3.249720e-01 8.598140e-01 3.302913e+00
3.249720e-01 8.551230e-01 3.391048e+00
3.249720e-01 1.487629e+00 3.413614e+00
3.249720e-01 8.727490e-01 3.448227e+00
3.249720e-01 9.106160e-01 3.473704e+00
3.249720e-01 9.498540e-01 3.480623e+00
3.249720e-01 1.461893e+00 3.498038e+00
3.249720e-01 1.425774e+00 3.545740e+00
3.249720e-01 1.007853e+00 3.547290e+00
3.249720e-01 1.342239e+00 3.549811e+00
3.249720e-01 1.381477e+00 3.556730e+00
3.249720e-01 1.137744e+00 3.562303e+00
3.249720e-01 1.067561e+00 3.576108e+00
3.249720e-01 1.264936e+00 3.592621e+00
3.249720e-01 1.132209e+00 3.593694e+00
3.249720e-01 1.198974e+00 3.599279e+00
3.262650e-01 2.463320e-01 2.118558e+00
3.273390e-01 3.284870e-01 3.701150e+00
3.279150e-01 2.644720e-01 3.394388e+00
3.279150e-01 1.804880e-01 3.394388e+00
3.283760e-01 9.113930e-01 3.714890e+00
3.283760e-01 1.306278e+00 3.784519e+00
3.284200e-01 3.273630e-01 3.727880e+00
3.299460e-01 1.263330e-01 3.701150e+00
3.309990e-01 1.273520e-01 3.727880e+00
3.329660e-01 4.117180e-01 1.933627e+00
3.329670e-01 1.668242e+00 1.941571e+00
3.329680e-01 1.434415e+00 4.250763e+00
3.355970e-01 1.210378e+00 2.006232e+00
3.378510e-01 2.224800e-01 3.467541e+00
3.386750e-01 7.904570e-01 4.024172e+00
3.386750e-01 1.316811e+00 4.116982e+00
3.394420e-01 1.488384e+00 -3.398719e+00
3.408980e-01 7.823580e-01 4.086079e+00
3.408990e-01 1.303135e+00 4.177906e+00
3.416130e-01 8.254080e-01 4.093645e+00
3.416130e-01 1.258308e+00 4.169976e+00
3.448120e-01 2.574730e-01 3.467541e+00
3.448120e-01 1.874870e-01 3.467541e+00
3.454410e-01 3.096650e-01 3.727880e+00
3.475850e-01 1.434040e-01 3.727880e+00
3.517020e-01 3.000710e-01 3.394388e+00
3.517020e-01 1.448900e-01 3.394388e+00
3.543590e-01 1.087348e+00 3.563848e+00
3.543590e-01 1.186908e+00 3.581403e+00
3.583320e-01 1.076364e+00 3.577660e+00
3.583320e-01 1.190170e+00 3.597727e+00
3.646340e-01 2.871390e-01 3.467541e+00
3.646340e-01 1.578210e-01 3.467541e+00
3.693820e-01 2.224800e-01 3.493054e+00
3.701530e-01 4.193180e-01 2.070687e+00
3.739420e-01 2.454070e-01 3.493054e+00
3.739420e-01 1.995530e-01 3.493054e+00
3.758070e-01 1.488384e+00 -3.398719e+00
3.762680e-01 1.108520e+00 3.566804e+00
3.762680e-01 1.166001e+00 3.576940e+00
3.827540e-01 1.100414e+00 3.581901e+00
3.827540e-01 1.166120e+00 3.593487e+00
3.842880e-01 1.137309e+00 3.571596e+00
3.844470e-01 1.443730e+00 -3.213279e+00
3.857160e-01 3.258310e-01 3.228990e+00
3.857170e-01 1.668242e+00 3.478706e+00
3.862340e-01 5.072590e-01 2.068513e+00
3.863300e-01 5.061520e-01 2.068513e+00
3.863530e-01 5.067200e-01 2.068513e+00
3.864450e-01 5.076360e-01 2.068513e+00
3.864460e-01 5.074710e-01 2.068513e+00
3.865550e-01 5.062410e-01 2.068513e+00
3.866160e-01 5.078070e-01 2.068513e+00
3.869290e-01 2.648430e-01 3.493054e+00
3.869290e-01 1.801170e-01 3.493054e+00
3.869570e-01 5.081940e-01 2.068513e+00
3.870200e-01 5.047700e-01 2.068513e+00
3.873010e-01 3.238570e-01 3.394388e+00
3.873010e-01 1.211030e-01 3.394388e+00
3.874460e-01 5.051960e-01 2.068513e+00
3.902340e-01 1.247715e+00 3.589584e+00
3.902350e-01 1.025075e+00 3.550326e+00
3.904710e-01 1.537709e+00 -3.499448e+00
3.904710e-01 9.774080e-01 -3.439576e+00
3.909420e-01 3.646570e-01 3.701150e+00
3.910990e-01 1.291367e+00 -6.387820e-01
3.913490e-01 3.631510e-01 3.727880e+00
3.916930e-01 1.133267e+00 3.587694e+00
3.942990e-01 3.069610e-01 3.467541e+00
3.942990e-01 1.379990e-01 3.467541e+00
3.943960e-01 1.488384e+00 -3.398719e+00
3.945030e-01 8.851000e-02 3.701150e+00
3.948720e-01 8.993000e-02 3.727880e+00
3.977520e-01 3.394140e-01 3.727880e+00
3.986680e-01 2.224800e-01 3.501321e+00
3.991250e-01 2.317420e-01 3.485286e+00
3.993330e-01 2.155810e-01 3.485286e+00
3.994700e-01 1.710803e+00 1.155029e+00
4.006800e-01 1.122970e-01 3.727880e+00
4.009990e-01 2.342000e-01 3.501321e+00
4.009990e-01 2.107610e-01 3.501321e+00
4.063660e-01 2.778300e-01 3.493054e+00
4.063660e-01 1.671300e-01 3.493054e+00
4.070250e-01 2.456330e-01 3.485286e+00
4.075940e-01 2.014800e-01 3.485286e+00
4.076380e-01 2.441350e-01 3.501321e+00
4.076380e-01 2.008250e-01 3.501321e+00
4.097410e-01 4.191130e-01 2.072458e+00
4.112480e-01 5.252260e-01 -2.448265e+00
4.112500e-01 1.626967e+00 -2.449632e+00
4.175730e-01 2.507740e-01 3.501321e+00
4.175730e-01 1.941870e-01 3.501321e+00
4.209160e-01 2.535330e-01 3.485286e+00
4.216940e-01 1.932190e-01 3.485286e+00
4.226730e-01 1.266009e+00 -2.186330e-01
4.239630e-01 4.278380e-01 2.073490e+00
4.245820e-01 9.761390e-01 3.485258e+00
4.245820e-01 1.315954e+00 3.545176e+00
4.275090e-01 9.490980e-01 -3.294985e+00
4.275100e-01 1.548693e+00 -3.300263e+00
4.285640e-01 1.474232e+00 -3.501563e+00
4.285640e-01 1.080575e+00 -3.457514e+00
4.292920e-01 3.322100e-01 3.394388e+00
4.292920e-01 1.127510e-01 3.394388e+00
4.292920e-01 3.139220e-01 3.467541e+00
4.292920e-01 1.310390e-01 3.467541e+00
4.292920e-01 2.224800e-01 3.480450e+00
4.292920e-01 2.823910e-01 3.493054e+00
4.292920e-01 1.625700e-01 3.493054e+00
4.292920e-01 2.531050e-01 3.501321e+00
4.292920e-01 1.918560e-01 3.501321e+00
4.292920e-01 2.224800e-01 3.504118e+00
4.309830e-01 5.487330e-01 3.406341e+00
4.309830e-01 5.487330e-01 3.721904e+00
4.311770e-01 9.384680e-01 3.716019e+00
4.311770e-01 1.280449e+00 3.776319e+00
4.370770e-01 2.533250e-01 3.485286e+00
4.378550e-01 1.930110e-01 3.485286e+00
4.380100e-01 1.072124e+00 3.558623e+00
4.380100e-01 1.200665e+00 3.581288e+00
4.384770e-01 5.562270e-01 2.070967e+00
4.410120e-01 2.507740e-01 3.501321e+00
4.410120e-01 1.941870e-01 3.501321e+00
4.437000e-01 2.490700e-01 2.122474e+00
4.445040e-01 9.421580e-01 3.479266e+00
4.445040e-01 1.349936e+00 3.551168e+00
4.455840e-01 4.479410e-01 2.075367e+00
4.509470e-01 2.441350e-01 3.501321e+00
4.509470e-01 2.008250e-01 3.501321e+00
4.511780e-01 2.450640e-01 3.485286e+00
4.517470e-01 2.009110e-01 3.485286e+00
4.522190e-01 2.778300e-01 3.493054e+00
4.522190e-01 1.671300e-01 3.493054e+00
4.528650e-01 1.515358e+00 -3.220164e+00
4.543100e-01 8.550900e-01 4.094882e+00
4.543100e-01 1.229992e+00 4.160987e+00
4.554970e-01 1.136395e+00 3.569955e+00
4.575860e-01 2.342000e-01 3.501321e+00
4.575860e-01 2.107610e-01 3.501321e+00
4.578670e-01 5.252260e-01 1.943946e+00
4.578680e-01 1.626967e+00 1.951890e+00
4.578690e-01 1.424095e+00 4.250763e+00
4.586070e-01 3.386290e-01 3.727880e+00
4.594390e-01 2.309640e-01 3.485286e+00
4.596470e-01 2.148030e-01 3.485286e+00
4.599170e-01 2.224800e-01 3.501321e+00
4.606800e-01 4.645550e-01 2.074091e+00
4.615360e-01 1.115120e-01 3.727880e+00
4.618640e-01 7.540630e-01 -3.059380e+00
4.618650e-01 1.554186e+00 -3.150999e+00
4.642860e-01 3.069610e-01 3.467541e+00
4.642860e-01 1.379990e-01 3.467541e+00
4.645580e-01 3.622070e-01 3.727880e+00
4.649360e-01 3.637030e-01 3.701150e+00
4.653610e-01 9.097950e-01 3.454759e+00
4.653610e-01 1.388729e+00 3.539208e+00
4.674860e-01 5.211670e-01 2.071239e+00
4.677790e-01 1.250999e+00 1.700830e-01
4.677880e-01 4.771600e-01 2.073204e+00
4.680810e-01 8.898600e-02 3.727880e+00
4.684970e-01 8.755600e-02 3.701150e+00
4.689090e-01 1.481369e+00 -3.301903e+00
4.689090e-01 1.059970e+00 -3.297696e+00
4.689090e-01 1.064284e+00 -2.456696e+00
4.689090e-01 9.181910e-01 -2.454411e+00
4.712840e-01 3.238570e-01 3.394388e+00
4.712840e-01 1.211030e-01 3.394388e+00
4.716560e-01 2.648430e-01 3.493054e+00
4.716560e-01 1.801170e-01 3.493054e+00
4.733740e-01 5.045250e-01 2.071722e+00
4.757000e-01 8.265470e-01 4.025676e+00
4.757010e-01 1.282383e+00 4.106052e+00
4.764720e-01 8.180650e-01 4.087567e+00
4.764720e-01 1.269071e+00 4.167092e+00
4.790050e-01 8.957690e-01 3.398215e+00
4.790050e-01 1.421247e+00 3.490871e+00
4.843470e-01 9.018700e-01 3.310328e+00
4.843470e-01 1.445574e+00 3.406198e+00
4.843890e-01 1.403380e-01 2.217868e+00
4.846430e-01 2.454070e-01 3.493054e+00
4.846430e-01 1.995530e-01 3.493054e+00
4.866320e-01 2.761590e-01 2.124755e+00
4.892030e-01 2.224800e-01 3.493054e+00
4.939510e-01 2.871390e-01 3.467541e+00
4.939510e-01 1.578210e-01 3.467541e+00
4.950770e-01 8.202000e-02 2.365638e+00
4.962190e-01 7.147410e-01 -2.924922e+00
4.962200e-01 1.559678e+00 -2.921567e+00
4.975010e-01 1.047950e+00 3.497920e+00
4.975010e-01 1.244143e+00 3.532514e+00
5.002080e-01 1.469329e+00 -3.223261e+00
5.048080e-01 6.974390e-01 -2.827514e+00
5.048080e-01 1.559678e+00 -2.791228e+00
5.048080e-01 1.574781e+00 -2.451876e+00
5.048080e-01 6.687360e-01 -2.450510e+00
5.063310e-01 1.484938e+00 -3.146549e+00
5.063310e-01 9.180150e-01 -3.080857e+00
5.064320e-01 1.011194e+00 3.726174e+00
5.064320e-01 1.208636e+00 3.760988e+00
5.068830e-01 3.000710e-01 3.394388e+00
5.068830e-01 1.448900e-01 3.394388e+00
5.112780e-01 -2.178700e-02 3.406342e+00
5.117020e-01 3.075210e-01 3.727880e+00
5.137730e-01 2.574730e-01 3.467541e+00
5.137730e-01 1.874870e-01 3.467541e+00
5.138460e-01 1.412600e-01 3.727880e+00
5.156700e-01 1.695098e+00 1.592226e+00
5.207340e-01 2.224800e-01 3.467541e+00
5.215340e-01 9.181910e-01 1.979670e+00
5.215340e-01 1.064284e+00 1.992951e+00
5.219070e-01 1.239866e+00 4.687190e-01
5.241910e-01 1.146047e+00 3.515217e+00
5.244090e-01 1.496391e+00 -3.225726e+00
5.284310e-01 3.247850e-01 3.727880e+00
5.284600e-01 4.496580e-01 3.249628e+00
5.284610e-01 1.626967e+00 3.468387e+00
5.294930e-01 3.258800e-01 3.701150e+00
5.306690e-01 2.644720e-01 3.394388e+00
5.306690e-01 1.804880e-01 3.394388e+00
5.310100e-01 1.247730e-01 3.727880e+00
5.320070e-01 1.028331e+00 3.494461e+00
5.320070e-01 1.263762e+00 3.535973e+00
5.321000e-01 1.237260e-01 3.701150e+00
5.339770e-01 1.110082e+00 3.742634e+00
5.368100e-01 9.348170e-01 4.106015e+00
5.368100e-01 1.151266e+00 4.144180e+00
5.390220e-01 2.224800e-01 3.394388e+00
5.428100e-01 2.544260e-01 3.727880e+00
5.428790e-01 1.754060e-01 2.221045e+00
5.430940e-01 6.608440e-01 2.119175e+00
5.435940e-01 1.935710e-01 3.727880e+00
5.437520e-01 8.893960e-01 -2.923463e+00
5.437520e-01 1.488507e+00 -2.920865e+00
5.524750e-01 3.376260e-01 2.128904e+00
5.531070e-01 8.768030e-01 -2.818548e+00
5.531070e-01 1.488507e+00 -2.792399e+00
5.531070e-01 8.559110e-01 -2.453437e+00
5.531080e-01 1.498320e+00 -2.455165e+00
5.611720e-01 6.687360e-01 1.956992e+00
5.611730e-01 1.574781e+00 1.964936e+00
5.611730e-01 1.411049e+00 4.250763e+00
5.635550e-01 1.235760e-01 2.361076e+00
5.640350e-01 1.146047e+00 3.515217e+00
5.658540e-01 2.609110e-01 3.727880e+00
5.667970e-01 1.877020e-01 3.727880e+00
5.670070e-01 1.043225e+00 4.124059e+00
5.673160e-01 2.613230e-01 3.701150e+00
5.681330e-01 1.011006e+00 3.472605e+00
5.681330e-01 1.287518e+00 3.521362e+00
5.682700e-01 1.873300e-01 3.701150e+00
5.725840e-01 1.660595e+00 1.955166e+00
5.756630e-01 1.654725e+00 -6.417930e-01
5.757190e-01 9.139760e-01 4.100960e+00
5.757190e-01 1.174364e+00 4.146873e+00
5.760100e-01 9.234840e-01 4.039212e+00
5.760110e-01 1.186661e+00 4.085618e+00
5.917640e-01 1.310201e+00 3.471291e+00
5.917650e-01 1.006816e+00 3.417796e+00
5.979510e-01 3.187800e-02 3.406342e+00
5.994360e-01 3.889630e-01 2.126083e+00
6.000050e-01 1.628246e+00 2.441498e+00
6.010180e-01 1.016768e+00 3.330588e+00
6.010180e-01 1.330676e+00 3.385938e+00
6.034130e-01 1.646177e+00 2.131866e+00
6.057500e-01 1.149262e+00 3.496983e+00
6.120460e-01 1.044390e+00 4.122667e+00
6.121180e-01 1.243942e+00 7.022250e-01
6.127260e-01 1.055296e+00 4.061152e+00
6.145030e-01 8.559110e-01 1.974008e+00
6.145030e-01 1.498320e+00 1.984051e+00
6.145040e-01 1.391934e+00 4.250763e+00
6.145390e-01 7.322880e-01 2.224876e+00
6.208730e-01 1.666892e+00 -2.211860e-01
6.211560e-01 2.740380e-01 3.406341e+00
6.211560e-01 2.740380e-01 3.721904e+00
6.220980e-01 4.274680e-01 2.124123e+00
6.260420e-01 5.591250e-01 2.119777e+00
6.272940e-01 7.450440e-01 2.372231e+00
6.311660e-01 2.572240e-01 2.226823e+00
6.330370e-01 1.158508e+00 3.444543e+00
6.418270e-01 5.099720e-01 2.120846e+00
6.422860e-01 7.600360e-01 3.406341e+00
6.422860e-01 7.600360e-01 3.721904e+00
6.437220e-01 1.173722e+00 3.358263e+00
6.465230e-01 6.062140e-01 3.275720e+00
6.465230e-01 1.574781e+00 3.455340e+00
6.673030e-01 2.198880e-01 2.352783e+00
6.854580e-01 1.673941e+00 1.826950e-01
6.862220e-01 1.548404e+00 2.461684e+00
6.862220e-01 1.633080e+00 2.469092e+00
6.995040e-01 3.320320e-01 2.226396e+00
7.074720e-01 8.104060e-01 3.309752e+00
7.074720e-01 1.498320e+00 3.436225e+00
7.300890e-01 1.548990e-01 3.406341e+00
7.325310e-01 3.884790e-01 2.225965e+00
7.340400e-01 1.356955e+00 -6.394850e-01
7.373100e-01 5.820590e-01 2.225008e+00
7.396080e-01 2.996300e-01 2.358422e+00
7.609030e-01 5.096550e-01 2.225244e+00
7.629600e-01 1.678624e+00 4.509800e-01
7.696870e-01 5.736430e-01 2.371028e+00
7.734120e-01 3.603540e-01 2.362341e+00
7.909500e-01 1.340310e+00 -2.212510e-01
7.925420e-01 1.294971e+00 1.128447e+00
7.990740e-01 4.926870e-01 2.368891e+00
8.071810e-01 2.411090e-01 3.406341e+00
8.190350e-01 1.497472e+00 3.043835e+00
8.190350e-01 1.582149e+00 3.051243e+00
8.190350e-01 1.487286e+00 3.160265e+00
8.190350e-01 1.571962e+00 3.167673e+00
8.192390e-01 5.522510e-01 3.406341e+00
8.192390e-01 5.522510e-01 3.721904e+00
8.409110e-01 3.078470e-01 3.406341e+00
8.409120e-01 3.078470e-01 3.721904e+00
8.574420e-01 3.420480e-01 3.406341e+00
8.574420e-01 3.420480e-01 3.721904e+00
8.593060e-01 1.609551e+00 -6.428260e-01
8.594790e-01 4.572020e-01 3.406341e+00
8.594790e-01 4.572020e-01 3.721904e+00
8.662440e-01 3.794420e-01 3.406341e+00
8.662440e-01 3.794420e-01 3.721904e+00
8.669330e-01 4.183940e-01 3.406341e+00
8.669330e-01 4.183940e-01 3.721904e+00
8.722510e-01 1.331099e+00 1.656010e-01
8.921300e-01 1.682517e+00 6.740140e-01
9.254710e-01 1.619825e+00 -2.251020e-01
9.459890e-01 1.453583e+00 -6.408980e-01
9.698110e-01 1.323629e+00 4.236190e-01
9.902980e-01 1.551765e+00 -6.426590e-01
1.013561e+00 1.362854e+00 1.583755e+00
1.018558e+00 1.449802e+00 -2.239780e-01
1.019993e+00 1.626645e+00 1.656580e-01
1.066141e+00 1.559657e+00 -2.262400e-01
1.121816e+00 1.439782e+00 1.932941e+00
1.122228e+00 1.449160e+00 1.616350e-01
1.132412e+00 1.327767e+00 6.606500e-01
1.133418e+00 1.630845e+00 4.062420e-01
1.150471e+00 1.685219e+00 1.105204e+00
1.173971e+00 1.482111e+00 2.446031e+00
1.174487e+00 1.566372e+00 1.584600e-01
1.180453e+00 1.454266e+00 2.138431e+00
1.246631e+00 1.447696e+00 3.944830e-01
1.304502e+00 1.570348e+00 3.862510e-01
1.322460e+00 1.634942e+00 6.409390e-01
1.453970e+00 1.451871e+00 6.336930e-01
1.457613e+00 1.367137e+00 1.087076e+00
1.466938e+00 1.673999e+00 1.568206e+00
1.521194e+00 1.574539e+00 6.263350e-01
1.621942e+00 1.645861e+00 1.891213e+00
1.696621e+00 1.621708e+00 2.442585e+00
1.700545e+00 1.639434e+00 1.069181e+00
1.705903e+00 1.635545e+00 2.129565e+00
1.855985e+00 1.419328e+00 1.562053e+00
1.868649e+00 1.474064e+00 1.060419e+00
1.954579e+00 1.581367e+00 1.053189e+00
1.970801e+00 1.502740e+00 2.983630e+00
1.970801e+00 1.587416e+00 2.991038e+00
1.980352e+00 1.548775e+00 2.457440e+00
1.980352e+00 1.633452e+00 2.464848e+00
2.046222e+00 1.548404e+00 2.461683e+00
2.046222e+00 1.633080e+00 2.469091e+00
2.051105e+00 1.476603e+00 1.871027e+00
2.054627e+00 1.505338e+00 2.953925e+00
2.054627e+00 1.590015e+00 2.961334e+00
2.145112e+00 1.511076e+00 2.445525e+00
2.156795e+00 1.489158e+00 2.132976e+00
2.163698e+00 1.635916e+00 1.551008e+00
2.376631e+00 1.502845e+00 1.547792e+00
2.390549e+00 1.620166e+00 1.844631e+00
2.485475e+00 1.587433e+00 1.543605e+00
2.499843e+00 1.609745e+00 2.443507e+00
2.513426e+00 1.616167e+00 2.128083e+00
2.625438e+00 1.531770e+00 1.832197e+00
2.745310e+00 1.553751e+00 2.444779e+00
2.745506e+00 1.587954e+00 1.823474e+00
2.760209e+00 1.540638e+00 2.129082e+00
2.773227e+00 1.517590e+00 2.813891e+00
2.773227e+00 1.602266e+00 2.821299e+00
2.781632e+00 1.538380e+00 2.576256e+00
2.781632e+00 1.623057e+00 2.583664e+00
2.785834e+00 1.548404e+00 2.461683e+00
2.785834e+00 1.633081e+00 2.469091e+00
2.790037e+00 1.535410e+00 2.610204e+00
2.790037e+00 1.620087e+00 2.617612e+00
2.870785e+00 1.594423e+00 2.444103e+00
2.886356e+00 1.591394e+00 2.127674e+00
Polygons 2476
1203 1235 1175
1131 1175 1176
1130 1176 979
979 447 465
939 979 465
465 447 174
222 174 173
223 173 116
1203 1175 1131
1131 1176 1130
1130 979 939
465 174 222
222 173 223
223 116 147
1259 1237 1207
1252 1207 1108
1182 1108 978
1012 978 867
888 867 759
759 592 579
772 759 579
579 592 486
463 486 377
340 377 246
169 246 143
101 143 118
118 1237 1259
94 118 1259
1259 1207 1252
1252 1108 1182
1182 978 1012
1012 867 888
888 759 772
579 486 463
463 377 340
340 246 169
169 143 101
101 118 94
1236 1206 660
1236 1259 1252
696 695 1252
1259 696 1252
1206 1107 660
1206 1252 1182
695 694 1182
1252 695 1182
1107 977 660
1107 1182 1012
694 693 1012
1182 694 1012
977 866 660
977 1012 888
693 692 888
1012 693 888
866 758 660
866 888 772
692 689 772
888 692 772
758 591 660
772 579 591
758 772 591
689 667 579
772 689 579
591 485 660
591 579 463
579 667 463
485 376 660
485 463 340
463 667 340
376 245 660
376 340 169
340 667 169
245 142 660
245 169 101
169 667 101
142 117 660
142 101 94
101 667 94
117 116 660
117 94 93
94 667 93
116 141 660
116 93 100
93 667 100
141 244 660
141 100 168
100 667 168
244 375 660
244 168 339
168 667 339
375 484 660
375 339 462
339 667 462
484 590 660
484 462 578
462 667 578
590 646 660
590 578 645
578 667 645
646 757 660
646 645 771
667 689 771
645 667 771
757 865 660
757 771 887
689 692 887
771 689 887
865 976 660
865 887 1011
692 693 1011
887 692 1011
976 1106 660
976 1011 1181
693 694 1181
1011 693 1181
1106 1205 660
1106 1181 1251
694 695 1251
1181 694 1251
1205 1235 660
1205 1251 1258
695 696 1258
1251 695 1258
1235 1236 660
1235 1258 1259
1258 696 1259
1236 1252 1206
1206 1182 1107
1107 1012 977
977 888 866
866 772 758
591 463 485
485 340 376
376 169 245
245 101 142
142 94 117
117 93 116
116 100 141
141 168 244
244 339 375
375 462 484
484 578 590
590 645 646
646 771 757
757 887 865
865 1011 976
976 1181 1106
1106 1251 1205
1205 1258 1235
1235 1259 1236
776 765 658
776 834 823
834 944 923
944 1067 1029
1067 1128 1066
1128 1162 1116
1162 1199 1154
1199 1202 1159
1202 1204 1160
1204 659 1160
765 733 658
765 823 788
823 923 845
923 1029 894
1029 1066 905
1066 1116 916
1116 1154 930
1154 1159 936
1159 1160 937
1160 659 937
733 700 658
733 788 707
788 845 730
845 894 737
894 905 742
905 916 745
916 930 751
930 936 753
936 937 755
937 659 755
700 644 658
707 640 644
700 707 644
730 631 640
707 730 640
737 610 631
730 737 631
742 605 610
737 742 610
745 603 605
742 745 605
751 598 603
745 751 603
753 595 598
751 753 598
755 596 595
753 755 595
755 659 596
644 629 658
644 640 565
640 631 506
631 610 458
610 605 444
605 603 434
603 598 419
598 595 413
595 596 414
596 659 414
629 586 658
629 565 528
565 506 426
506 458 319
458 444 287
444 434 234
434 419 196
419 413 189
413 414 190
414 659 190
586 577 658
586 528 524
528 426 407
426 319 285
319 287 220
287 234 186
234 196 153
196 189 145
189 190 146
190 659 146
577 576 658
577 524 523
524 407 408
407 285 286
285 220 221
220 186 187
186 153 152
153 145 144
146 147 144
145 146 144
146 659 147
576 585 658
576 523 529
523 408 427
408 286 320
286 221 288
221 187 235
187 152 195
152 144 188
144 147 191
147 659 191
585 628 658
585 529 566
529 427 507
427 320 459
320 288 445
288 235 435
235 195 418
195 188 412
188 191 415
191 659 415
628 637 658
628 566 600
566 507 553
507 459 532
459 445 525
445 435 516
435 418 503
418 412 499
412 415 500
415 659 500
637 643 658
637 600 641
600 553 632
553 532 611
532 525 606
525 516 604
516 503 597
503 499 593
499 500 594
500 659 594
643 657 658
641 656 657
643 641 657
632 655 656
641 632 656
611 654 655
632 611 655
606 653 654
611 606 654
606 604 652
604 597 651
593 648 651
597 593 651
593 594 650
594 659 650
657 699 658
656 708 699
657 656 699
655 729 708
656 655 708
654 738 729
655 654 729
653 743 738
654 653 738
653 652 744
652 651 750
648 752 750
651 648 750
648 650 754
650 659 754
699 719 658
699 708 748
708 729 800
729 738 822
738 743 827
743 744 839
744 750 849
750 752 851
752 754 852
754 659 852
719 732 658
719 748 789
748 800 846
800 822 893
822 827 906
827 839 915
839 849 929
849 851 935
851 852 938
852 659 938
732 764 658
732 789 824
789 846 922
846 893 1030
893 906 1065
906 915 1115
915 929 1153
929 935 1158
935 938 1161
938 659 1161
764 775 658
764 824 833
824 922 945
922 1030 1068
1030 1065 1129
1065 1115 1163
1115 1153 1198
1153 1158 1201
1158 1161 1203
1161 659 1203
775 776 658
775 833 834
833 945 944
945 1068 1067
1068 1129 1128
1129 1163 1162
1163 1198 1199
1198 1201 1202
1203 1204 1202
1201 1203 1202
1203 659 1204
776 823 765
834 923 823
944 1029 923
1067 1066 1029
1128 1116 1066
1162 1154 1116
1199 1159 1154
1202 1160 1159
765 788 733
823 845 788
923 894 845
1029 905 894
1066 916 905
1116 930 916
1154 936 930
1159 937 936
733 707 700
788 730 707
845 737 730
894 742 737
905 745 742
916 751 745
930 753 751
936 755 753
644 565 629
640 506 565
631 458 506
610 444 458
605 434 444
603 419 434
598 413 419
595 414 413
629 528 586
565 426 528
506 319 426
458 287 319
444 234 287
434 196 234
419 189 196
413 190 189
586 524 577
528 407 524
426 285 407
319 220 285
287 186 220
234 153 186
196 145 153
189 146 145
577 523 576
524 408 523
407 286 408
285 221 286
220 187 221
186 152 187
153 144 152
576 529 585
523 427 529
408 320 427
286 288 320
221 235 288
187 195 235
152 188 195
144 191 188
585 566 628
529 507 566
427 459 507
320 445 459
288 435 445
235 418 435
195 412 418
188 415 412
628 600 637
566 553 600
507 532 553
459 525 532
445 516 525
435 503 516
418 499 503
412 500 499
637 641 643
600 632 641
553 611 632
532 606 611
525 604 606
516 597 604
503 593 597
499 594 593
606 652 653
604 651 652
593 650 648
653 744 743
652 750 744
648 754 752
699 748 719
708 800 748
729 822 800
738 827 822
743 839 827
744 849 839
750 851 849
752 852 851
719 789 732
748 846 789
800 893 846
822 906 893
827 915 906
839 929 915
849 935 929
851 938 935
732 824 764
789 922 824
846 1030 922
893 1065 1030
906 1115 1065
915 1153 1115
929 1158 1153
935 1161 1158
764 833 775
824 945 833
922 1068 945
1030 1129 1068
1065 1163 1129
1115 1198 1163
1153 1201 1198
1158 1203 1201
775 834 776
833 944 834
945 1067 944
1068 1128 1067
1129 1162 1128
1163 1199 1162
1198 1202 1199
697 698 869
698 701 1032
701 702 1061
702 703 1124
703 704 1177
704 706 1233
706 711 1270
711 718 1296
718 724 1300
724 726 1307
726 725 1305
725 661 1305
828 869 1010
869 1032 1262
1032 1061 1269
1061 1124 1290
1124 1177 1294
1177 1233 1302
1233 1270 1312
1270 1296 1319
1296 1300 1328
1300 1307 1332
1307 1305 1331
1305 661 1331
921 1010 1157
1010 1262 1293
1262 1269 1297
1269 1290 1301
1290 1294 1308
1294 1302 1311
1302 1312 1320
1312 1319 1334
1319 1328 1339
1328 1332 1342
1332 1331 1340
1331 661 1340
1004 1157 1179
1157 1293 1295
1293 1297 1299
1297 1301 1306
1301 1308 1309
1308 1311 1314
1311 1320 1321
1320 1334 1336
1334 1339 1341
1339 1342 1352
1342 1340 1351
1340 661 1351
1179 183 341
1037 1179 341
1295 56 183
1179 1295 183
1299 53 56
1295 1299 56
1306 45 53
1299 1306 53
1309 43 45
1306 1309 45
1314 38 43
1309 1314 43
1321 31 38
1314 1321 38
1336 16 31
1321 1336 31
1336 1341 11
1352 0 11
1341 1352 11
1351 1 0
1352 1351 0
1351 661 1
341 183 203
183 56 59
56 53 54
53 45 51
45 43 44
43 38 39
38 31 32
31 16 18
16 11 13
11 0 10
0 1 12
1 661 12
352 203 348
203 59 92
59 54 84
54 51 70
51 44 58
44 39 50
39 32 40
32 18 33
18 13 26
13 10 20
10 12 21
12 661 21
430 348 491
348 92 351
92 84 312
84 70 267
70 58 201
58 50 132
50 40 86
40 33 57
33 26 52
26 20 46
20 21 47
21 661 47
530 491 698
491 351 701
351 312 702
312 267 703
267 201 704
201 132 706
132 86 711
86 57 718
57 52 724
52 46 726
46 47 725
47 661 725
697 869 828
698 1032 869
701 1061 1032
702 1124 1061
703 1177 1124
704 1233 1177
706 1270 1233
711 1296 1270
718 1300 1296
724 1307 1300
726 1305 1307
828 1010 921
869 1262 1010
1032 1269 1262
1061 1290 1269
1124 1294 1290
1177 1302 1294
1233 1312 1302
1270 1319 1312
1296 1328 1319
1300 1332 1328
1307 1331 1332
921 1157 1004
1010 1293 1157
1262 1297 1293
1269 1301 1297
1290 1308 1301
1294 1311 1308
1302 1320 1311
1312 1334 1320
1319 1339 1334
1328 1342 1339
1332 1340 1342
1004 1179 1037
1157 1295 1179
1293 1299 1295
1297 1306 1299
1301 1309 1306
1308 1314 1309
1311 1321 1314
1320 1336 1321
1334 1341 1336
1339 1352 1341
1342 1351 1352
1336 11 16
341 203 352
183 59 203
56 54 59
53 51 54
45 44 51
43 39 44
38 32 39
31 18 32
16 13 18
11 10 13
0 12 10
352 348 430
203 92 348
59 84 92
54 70 84
51 58 70
44 50 58
39 40 50
32 33 40
18 26 33
13 20 26
10 21 20
430 491 530
348 351 491
92 312 351
84 267 312
70 201 267
58 132 201
50 86 132
40 57 86
33 52 57
26 46 52
20 47 46
530 698 697
491 701 698
351 702 701
312 703 702
267 704 703
201 706 704
132 711 706
86 718 711
57 724 718
52 726 724
46 725 726
1037 1179 1100
1179 1295 1283
1295 1299 1292
1299 1306 1298
1306 1309 1303
1309 1314 1310
1314 1321 1317
1321 1336 1333
1336 1341 1335
1341 1352 1338
1352 1351 1337
1351 661 1337
983 1100 934
1100 1283 1218
1283 1292 1239
1292 1298 1254
1298 1303 1266
1303 1310 1291
1310 1317 1304
1317 1333 1313
1333 1335 1315
1335 1338 1318
1338 1337 1316
1337 661 1316
886 934 798
934 1218 864
1218 1239 873
1239 1254 895
1254 1266 907
1266 1291 941
1291 1304 1044
1304 1313 1173
1313 1315 1217
1315 1318 1230
1318 1316 1227
1316 661 1227
777 798 563
798 864 509
873 492 509
864 873 509
895 482 492
873 895 492
907 464 482
895 907 482
941 440 464
907 941 464
1044 361 440
941 1044 440
1044 1173 250
1173 1217 192
1217 1230 163
1227 170 163
1230 1227 163
1227 661 170
584 563 428
563 509 149
509 492 124
492 482 99
482 464 91
464 440 69
440 361 48
361 250 41
250 192 37
192 163 35
163 170 36
170 661 36
476 428 263
428 149 73
149 124 60
124 99 55
99 91 49
91 69 42
69 48 34
48 41 19
41 37 17
37 35 14
35 36 15
36 661 15
380 263 183
263 73 56
73 60 53
60 55 45
55 49 43
49 42 38
42 34 31
34 19 16
19 17 11
17 14 0
14 15 1
15 661 1
1037 1100 983
1179 1283 1100
1295 1292 1283
1299 1298 1292
1306 1303 1298
1309 1310 1303
1314 1317 1310
1321 1333 1317
1336 1335 1333
1341 1338 1335
1352 1337 1338
983 934 886
1100 1218 934
1283 1239 1218
1292 1254 1239
1298 1266 1254
1303 1291 1266
1310 1304 1291
1317 1313 1304
1333 1315 1313
1335 1318 1315
1338 1316 1318
886 798 777
934 864 798
1218 873 864
1239 895 873
1254 907 895
1266 941 907
1291 1044 941
1304 1173 1044
1313 1217 1173
1315 1230 1217
1318 1227 1230
777 563 584
798 509 563
1044 250 361
1173 192 250
1217 163 192
584 428 476
563 149 428
509 124 149
492 99 124
482 91 99
464 69 91
440 48 69
361 41 48
250 37 41
192 35 37
163 36 35
476 263 380
428 73 263
149 60 73
124 55 60
99 49 55
91 42 49
69 34 42
48 19 34
41 17 19
37 14 17
35 15 14
380 183 341
263 56 183
73 53 56
60 45 53
55 43 45
49 38 43
42 31 38
34 16 31
19 11 16
17 0 11
14 1 0
647 758 755
649 647 755
755 758 866
853 866 977
937 977 1107
1056 1107 1206
1160 1206 1236
1204 1236 1235
755 866 853
853 977 937
937 1107 1056
1056 1206 1160
1160 1236 1204
1204 1235 1203
691 591 596
690 691 596
596 591 485
501 485 376
414 376 245
296 245 142
190 142 117
146 117 116
596 485 501
501 376 414
414 245 296
296 142 190
190 117 146
146 116 147
147 116 141
191 141 244
297 244 375
415 375 484
500 484 590
594 590 646
147 141 191
191 244 297
297 375 415
415 484 500
500 590 594
594 646 650
650 646 757
754 757 865
852 865 976
938 976 1106
1055 1106 1205
1161 1205 1235
650 757 754
754 865 852
852 976 938
938 1106 1055
1055 1205 1161
1161 1235 1203
96 76 77
97 96 77
76 78 79
77 76 79
78 29 30
79 78 30
29 27 28
30 29 28
27 96 97
28 27 97
24 22 23
25 24 23
22 8 9
23 22 9
8 2 3
9 8 3
2 6 7
3 2 7
6 4 5
7 6 5
4 24 25
5 4 25
1327 1330 1329
1326 1327 1329
1330 1344 1343
1329 1330 1343
1344 1350 1349
1343 1344 1349
1350 1346 1345
1349 1350 1345
1346 1348 1347
1345 1346 1347
1348 1327 1326
1347 1348 1326
1256 1274 1273
1255 1256 1273
1274 1276 1275
1273 1274 1275
1276 1323 1322
1275 1276 1322
1323 1325 1324
1322 1323 1324
1325 1256 1255
1324 1325 1255
90 98 140
98 107 156
107 148 202
148 257 291
257 328 334
123 140 197
140 156 208
156 202 260
202 291 298
334 337 298
291 334 298
181 197 411
197 208 406
208 260 387
260 298 349
298 337 336
436 411 564
411 406 539
406 387 488
349 404 488
387 349 488
349 336 327
564 108 103
642 564 103
539 115 108
564 539 108
488 154 115
539 488 115
404 264 154
488 404 154
327 324 264
404 327 264
103 108 83
108 115 88
115 154 109
154 264 226
324 332 226
264 324 226
74 83 81
83 88 85
88 109 105
109 226 215
226 332 335
65 81 82
81 85 89
85 105 110
105 215 224
215 335 333
71 82 87
82 89 95
89 110 122
110 224 239
224 333 331
80 87 98
87 95 107
95 122 148
122 239 257
239 331 328
90 140 123
98 156 140
107 202 156
148 291 202
257 334 291
123 197 181
140 208 197
156 260 208
202 298 260
181 411 436
197 406 411
208 387 406
260 349 387
298 336 349
436 564 642
411 539 564
406 488 539
349 327 404
103 83 74
108 88 83
115 109 88
154 226 109
74 81 65
83 85 81
88 105 85
109 215 105
226 335 215
65 82 71
81 89 82
85 110 89
105 224 110
215 333 224
71 87 80
82 95 87
89 122 95
110 239 122
224 331 239
80 98 90
87 107 98
95 148 107
122 257 148
239 328 257
1260 1253 1208
1253 1245 1195
1245 1200 1148
1200 1093 1062
1093 1022 1016
1225 1208 1152
1208 1195 1145
1195 1148 1090
1148 1062 1054
1016 1013 1054
1062 1016 1054
1168 1152 940
1152 1145 946
1145 1090 967
1090 1054 1001
1054 1013 1014
914 940 790
940 946 815
946 967 862
1001 948 862
967 1001 862
1001 1014 1023
790 1244 1248
705 790 1248
815 1238 1244
790 815 1244
862 1196 1238
815 862 1238
948 1087 1196
862 948 1196
1023 1026 1087
948 1023 1087
1248 1244 1267
1244 1238 1263
1238 1196 1243
1196 1087 1123
1026 1018 1123
1087 1026 1123
1277 1267 1271
1267 1263 1265
1263 1243 1247
1243 1123 1136
1123 1018 1015
1284 1271 1268
1271 1265 1261
1265 1247 1242
1247 1136 1125
1136 1015 1017
1279 1268 1264
1268 1261 1257
1261 1242 1226
1242 1125 1113
1125 1017 1019
1272 1264 1253
1264 1257 1245
1257 1226 1200
1226 1113 1093
1113 1019 1022
1260 1208 1225
1253 1195 1208
1245 1148 1195
1200 1062 1148
1093 1016 1062
1225 1152 1168
1208 1145 1152
1195 1090 1145
1148 1054 1090
1168 940 914
1152 946 940
1145 967 946
1090 1001 967
1054 1014 1001
914 790 705
940 815 790
946 862 815
1001 1023 948
1248 1267 1277
1244 1263 1267
1238 1243 1263
1196 1123 1243
1277 1271 1284
1267 1265 1271
1263 1247 1265
1243 1136 1247
1123 1015 1136
1284 1268 1279
1271 1261 1268
1265 1242 1261
1247 1125 1242
1136 1017 1125
1279 1264 1272
1268 1257 1264
1261 1226 1257
1242 1113 1226
1125 1019 1113
1272 1253 1260
1264 1245 1253
1257 1200 1245
1226 1093 1200
1113 1022 1093
614 617 575
773 774 617
614 773 617
773 799 774
617 622 575
774 756 622
617 774 622
774 799 756
622 624 575
756 721 624
622 756 624
756 799 721
624 626 575
721 716 626
624 721 626
721 799 716
626 625 575
716 714 625
626 716 625
716 799 714
625 623 575
714 712 623
625 714 623
714 799 712
623 621 575
712 713 621
623 712 621
712 799 713
621 620 575
713 715 620
621 713 620
713 799 715
620 619 575
715 717 619
620 715 619
715 799 717
619 618 575
717 720 618
619 717 618
717 799 720
618 616 575
720 763 616
618 720 616
720 799 763
616 615 575
763 766 615
616 763 615
763 799 766
615 614 575
766 773 614
615 766 614
766 799 773
950 933 962
972 892 933
950 972 933
982 871 892
972 982 892
985 875 871
982 985 871
987 897 875
985 987 875
933 919 962
892 832 919
933 892 919
871 803 832
892 871 832
875 807 803
871 875 803
897 830 807
875 897 807
919 911 962
832 818 911
919 832 911
803 782 818
832 803 818
807 787 782
803 807 782
830 810 787
807 830 787
911 918 962
818 831 918
911 818 918
782 802 831
818 782 831
787 806 802
782 787 802
810 829 806
787 810 806
918 932 962
831 891 932
918 831 932
802 870 891
831 802 891
806 874 870
802 806 870
829 896 874
806 829 874
932 949 962
891 971 949
932 891 949
870 981 971
891 870 971
874 984 981
870 874 981
896 986 984
874 896 984
949 994 962
971 1081 994
949 971 994
981 1137 1081
971 981 1081
984 1139 1137
981 984 1137
986 1101 1139
984 986 1139
994 1005 962
1081 1164 1005
994 1081 1005
1137 1221 1164
1081 1137 1164
1139 1219 1221
1137 1139 1221
1101 1191 1219
1139 1101 1219
1005 1009 962
1164 1190 1009
1005 1164 1009
1221 1234 1190
1164 1221 1190
1219 1232 1234
1221 1219 1234
1191 1212 1232
1219 1191 1232
1009 1006 962
1190 1165 1006
1009 1190 1006
1234 1222 1165
1190 1234 1165
1232 1220 1222
1234 1232 1222
1212 1192 1220
1232 1212 1220
1006 995 962
1165 1082 995
1006 1165 995
1222 1138 1082
1165 1222 1082
1220 1140 1138
1222 1220 1138
1192 1102 1140
1220 1192 1140
995 950 962
1082 972 950
995 1082 950
1138 982 972
1082 1138 972
1140 985 982
1138 1140 982
1102 987 985
1140 1102 985
386 358 399
374 270 358
386 374 358
367 212 270
374 367 270
363 205 212
367 363 212
365 237 205
363 365 205
358 345 399
270 180 345
358 270 345
212 128 180
270 212 180
205 130 128
212 205 128
237 151 130
205 237 130
345 338 399
180 158 338
345 180 338
128 111 158
180 128 158
130 114 111
128 130 111
151 131 114
130 151 114
338 344 399
158 179 344
338 158 344
111 127 179
158 111 179
114 129 127
111 114 127
131 150 129
114 131 129
344 357 399
179 269 357
344 179 357
127 211 269
179 127 269
129 204 211
127 129 211
150 236 204
129 150 204
357 385 399
269 373 385
357 269 385
211 366 373
269 211 373
204 362 366
211 204 366
236 364 362
204 236 362
385 416 399
373 454 416
385 373 416
366 474 454
373 366 454
362 468 474
366 362 474
364 451 468
362 364 468
416 431 399
454 510 431
416 454 431
474 546 510
454 474 510
468 544 546
474 468 546
451 517 544
468 451 544
431 439 399
510 531 439
431 510 439
546 562 531
510 546 531
544 559 562
546 544 562
517 534 559
544 517 559
439 432 399
531 511 432
439 531 432
562 547 511
531 562 511
559 545 547
562 559 547
534 518 545
559 534 545
432 417 399
511 455 417
432 511 417
547 475 455
511 547 455
545 469 475
547 545 475
518 452 469
545 518 469
417 386 399
455 374 386
417 455 386
475 367 374
455 475 374
469 363 367
475 469 367
452 365 363
469 452 363
741 736 675
850 838 736
741 850 736
901 885 838
850 901 838
900 883 885
901 900 885
863 857 883
900 863 883
736 728 675
838 809 728
736 838 728
885 843 809
838 885 809
883 841 843
885 883 843
857 817 841
883 857 841
728 710 675
809 761 710
728 809 710
843 786 761
809 843 761
841 784 786
843 841 786
817 770 784
841 817 784
710 678 675
761 682 678
710 761 678
786 686 682
761 786 682
784 688 686
786 784 686
770 687 688
784 770 688
678 639 675
682 589 639
678 682 639
686 568 589
682 686 589
688 570 568
686 688 568
687 581 570
688 687 570
639 634 675
589 549 634
639 589 634
568 513 549
589 568 549
570 515 513
568 570 513
581 538 515
570 581 515
634 613 675
549 520 613
634 549 613
513 467 520
549 513 520
515 471 467
513 515 467
538 496 471
515 538 471
613 607 675
520 502 607
613 520 607
467 450 502
520 467 502
471 453 450
467 471 450
496 487 453
471 496 453
607 612 675
502 519 612
607 502 612
450 466 519
502 450 519
453 470 466
450 453 466
487 495 470
453 487 470
612 633 675
519 548 633
612 519 633
466 512 548
519 466 548
470 514 512
466 470 512
495 537 514
470 495 514
633 638 675
548 588 638
633 548 638
512 567 588
548 512 588
514 569 567
512 514 567
537 580 569
514 537 569
638 674 675
588 681 674
638 588 674
567 683 681
588 567 681
569 684 683
567 569 683
580 685 684
569 580 684
674 709 675
681 760 709
674 681 709
683 785 760
681 683 760
684 783 785
683 684 785
685 769 783
684 685 783
709 727 675
760 808 727
709 760 727
785 842 808
760 785 808
783 840 842
785 783 842
769 816 840
783 769 840
727 735 675
808 837 735
727 808 735
842 884 837
808 842 837
840 882 884
842 840 884
816 856 882
840 816 882
735 741 675
837 850 741
735 837 741
884 901 850
837 884 850
882 900 901
884 882 901
856 863 900
882 856 900
749 739 679
801 791 739
749 801 739
844 825 791
801 844 791
872 854 825
844 872 825
904 878 854
872 904 854
917 898 878
904 917 878
920 902 898
917 920 898
739 722 679
791 746 722
739 791 722
825 780 746
791 825 746
854 795 780
825 854 780
878 804 795
854 878 795
898 811 804
878 898 804
902 819 811
898 902 811
722 676 679
746 673 676
722 746 676
780 669 673
746 780 673
795 666 669
780 795 669
804 665 666
795 804 666
811 663 665
804 811 665
819 662 663
811 819 663
676 635 679
673 601 635
676 673 635
669 571 601
673 669 601
666 555 571
669 666 571
665 550 555
666 665 555
663 542 550
665 663 550
662 535 542
663 662 542
635 608 679
601 560 608
635 601 608
571 526 560
601 571 560
555 497 526
571 555 526
550 477 497
555 550 497
542 456 477
550 542 477
535 448 456
542 535 456
608 599 679
560 552 599
608 560 599
526 508 552
560 526 552
497 481 508
526 497 508
477 446 481
497 477 481
456 433 446
477 456 446
448 429 433
456 448 433
599 609 679
552 561 609
599 552 609
508 527 561
552 508 561
481 498 527
508 481 527
446 478 498
481 446 498
433 457 478
446 433 478
429 449 457
433 429 457
609 636 679
561 602 636
609 561 636
527 572 602
561 527 602
498 556 572
527 498 572
478 551 556
498 478 556
457 543 551
478 457 551
449 536 543
457 449 543
636 680 679
602 677 680
636 602 680
572 671 677
602 572 677
556 672 671
572 556 671
551 670 672
556 551 672
543 668 670
551 543 670
536 664 668
543 536 668
680 723 679
677 747 723
680 677 723
671 781 747
677 671 747
672 796 781
671 672 781
670 805 796
672 670 796
668 812 805
670 668 805
664 820 812
668 664 812
723 740 679
747 792 740
723 747 740
781 826 792
747 781 792
796 855 826
781 796 826
805 879 855
796 805 855
812 899 879
805 812 879
820 903 899
812 820 899
740 749 679
792 801 749
740 792 749
826 844 801
792 826 801
855 872 844
826 855 844
879 904 872
855 879 872
899 917 904
879 899 904
903 920 917
899 903 917
443 437 402
483 472 437
443 483 437
533 521 472
483 533 472
554 540 521
533 554 521
587 557 540
554 587 540
627 573 557
587 627 557
630 582 573
627 630 573
437 422 402
472 442 422
437 472 422
521 460 442
472 521 442
540 479 460
521 540 460
557 489 479
540 557 479
573 493 489
557 573 489
582 504 493
573 582 493
422 400 402
442 396 400
422 442 400
460 393 396
442 460 396
479 392 393
460 479 393
489 391 392
479 489 392
493 389 391
489 493 391
504 388 389
493 504 389
400 355 402
396 321 355
400 396 355
393 289 321
396 393 321
392 258 289
393 392 289
391 228 258
392 391 258
389 213 228
391 389 228
388 209 213
389 388 213
355 342 402
321 265 342
355 321 342
289 193 265
321 289 265
258 160 193
289 258 193
228 133 160
258 228 160
213 125 133
228 213 133
209 120 125
213 209 125
342 317 402
265 249 317
342 265 317
193 172 249
265 193 249
160 139 172
193 160 172
133 119 139
160 133 139
125 106 119
133 125 119
120 102 106
125 120 106
317 343 402
249 266 343
317 249 343
172 194 266
249 172 266
139 161 194
172 139 194
119 134 161
139 119 161
106 126 134
119 106 134
102 121 126
106 102 126
343 356 402
266 322 356
343 266 356
194 290 322
266 194 322
161 259 290
194 161 290
134 229 259
161 134 259
126 214 229
134 126 229
121 210 214
126 121 214
356 403 402
322 401 403
356 322 403
290 397 401
322 290 401
259 398 397
290 259 397
229 395 398
259 229 398
214 394 395
229 214 395
210 390 394
214 210 394
403 423 402
401 441 423
403 401 423
397 461 441
401 397 441
398 480 461
397 398 461
395 490 480
398 395 480
394 494 490
395 394 490
390 505 494
394 390 494
423 438 402
441 473 438
423 441 438
461 522 473
441 461 473
480 541 522
461 480 522
490 558 541
480 490 541
494 574 558
490 494 558
505 583 574
494 505 574
438 443 402
473 483 443
438 473 443
522 533 483
473 522 483
541 554 533
522 541 533
558 587 554
541 558 554
574 627 587
558 574 587
583 630 627
574 583 627
1034 1007 965
1103 1085 1007
1034 1103 1007
1178 1155 1085
1103 1178 1085
1209 1187 1155
1178 1209 1155
1231 1214 1187
1209 1231 1187
1246 1224 1214
1231 1246 1214
1250 1228 1224
1246 1250 1224
1007 996 965
1085 1028 996
1007 1085 996
1155 1063 1028
1085 1155 1028
1187 1091 1063
1155 1187 1063
1214 1121 1091
1187 1214 1091
1224 1141 1121
1214 1224 1121
1228 1143 1141
1224 1228 1141
996 963 965
1028 959 963
996 1028 963
1063 956 959
1028 1063 959
1091 955 956
1063 1091 956
1121 954 955
1091 1121 955
1141 952 954
1121 1141 954
1143 951 952
1141 1143 952
963 925 965
959 909 925
963 959 925
956 889 909
959 956 909
955 876 889
956 955 889
954 860 876
955 954 876
952 858 860
954 952 860
951 847 858
952 951 858
925 912 965
909 880 912
925 909 912
889 835 880
909 889 880
876 813 835
889 876 835
860 793 813
876 860 813
858 778 793
860 858 793
847 767 778
858 847 778
912 908 965
880 868 908
912 880 908
835 821 868
880 835 868
813 797 821
835 813 821
793 762 797
813 793 797
778 734 762
793 778 762
767 731 734
778 767 734
908 913 965
868 881 913
908 868 913
821 836 881
868 821 881
797 814 836
821 797 836
762 794 814
797 762 814
734 779 794
762 734 794
731 768 779
734 731 779
913 926 965
881 910 926
913 881 926
836 890 910
881 836 910
814 877 890
836 814 890
794 861 877
814 794 877
779 859 861
794 779 861
768 848 859
779 768 859
926 966 965
910 964 966
926 910 966
890 960 964
910 890 964
877 961 960
890 877 960
861 958 961
877 861 961
859 957 958
861 859 958
848 953 957
859 848 957
966 997 965
964 1027 997
966 964 997
960 1064 1027
964 960 1027
961 1092 1064
960 961 1064
958 1122 1092
961 958 1092
957 1142 1122
958 957 1122
953 1144 1142
957 953 1142
997 1008 965
1027 1086 1008
997 1027 1008
1064 1156 1086
1027 1064 1086
1092 1188 1156
1064 1092 1156
1122 1215 1188
1092 1122 1188
1142 1223 1215
1122 1142 1215
1144 1229 1223
1142 1144 1223
1008 1034 965
1086 1103 1034
1008 1086 1034
1156 1178 1103
1086 1156 1103
1188 1209 1178
1156 1188 1178
1215 1231 1209
1188 1215 1209
1223 1246 1231
1215 1223 1231
1229 1250 1246
1223 1229 1246
1095 1089 1078
1135 1099 1089
1095 1135 1089
1151 1118 1099
1135 1151 1099
1167 1133 1118
1151 1167 1118
1089 1077 1078
1099 1075 1077
1089 1099 1077
1118 1072 1075
1099 1118 1075
1133 1070 1072
1118 1133 1072
1077 1058 1078
1075 1049 1058
1077 1075 1058
1072 1036 1049
1075 1072 1049
1070 1025 1036
1072 1070 1036
1058 1053 1078
1049 1021 1053
1058 1049 1053
1036 999 1021
1049 1036 1021
1025 993 999
1036 1025 999
1053 1047 1078
1021 1003 1047
1053 1021 1047
999 989 1003
1021 999 1003
993 970 989
999 993 989
1047 1041 1078
1003 1000 1041
1047 1003 1041
989 980 1000
1003 989 1000
970 947 980
989 970 980
1041 1046 1078
1000 1002 1046
1041 1000 1046
980 988 1002
1000 980 1002
947 969 988
980 947 988
1046 1052 1078
1002 1020 1052
1046 1002 1052
988 998 1020
1002 988 1020
969 992 998
988 969 998
1052 1057 1078
1020 1048 1057
1052 1020 1057
998 1035 1048
1020 998 1048
992 1024 1035
998 992 1035
1057 1076 1078
1048 1074 1076
1057 1048 1076
1035 1071 1074
1048 1035 1074
1024 1069 1071
1035 1024 1071
1076 1088 1078
1074 1098 1088
1076 1074 1088
1071 1117 1098
1074 1071 1098
1069 1132 1117
1071 1069 1117
1088 1094 1078
1098 1134 1094
1088 1098 1094
1117 1150 1134
1098 1117 1134
1132 1166 1150
1117 1132 1150
1094 1104 1078
1134 1146 1104
1094 1134 1104
1150 1170 1146
1134 1150 1146
1166 1184 1170
1150 1166 1170
1104 1112 1078
1146 1149 1112
1104 1146 1112
1170 1174 1149
1146 1170 1149
1184 1193 1174
1170 1184 1174
1112 1105 1078
1149 1147 1105
1112 1149 1105
1174 1171 1147
1149 1174 1147
1193 1185 1171
1174 1193 1171
1105 1095 1078
1147 1135 1095
1105 1147 1095
1171 1151 1135
1147 1171 1135
1185 1167 1151
1171 1185 1151
300 295 283
330 304 295
300 330 295
354 314 304
330 354 304
360 326 314
354 360 314
295 282 283
304 280 282
295 304 282
314 277 280
304 314 280
326 275 277
314 326 277
282 262 283
280 252 262
282 280 262
277 230 252
280 277 252
275 219 230
277 275 230
262 256 283
252 217 256
262 252 256
230 198 217
252 230 217
219 185 198
230 219 198
256 248 283
217 207 248
256 217 248
198 177 207
217 198 207
185 165 177
198 185 177
248 240 283
207 200 240
248 207 240
177 175 200
207 177 200
165 159 175
177 165 175
240 247 283
200 206 247
240 200 247
175 176 206
200 175 206
159 164 176
175 159 176
247 255 283
206 216 255
247 206 255
176 199 216
206 176 216
164 184 199
176 164 199
255 261 283
216 251 261
255 216 261
199 231 251
216 199 251
184 218 231
199 184 231
261 281 283
251 279 281
261 251 281
231 276 279
251 231 279
218 274 276
231 218 276
281 294 283
279 303 294
281 279 294
276 313 303
279 276 303
274 325 313
276 274 313
294 299 283
303 329 299
294 303 299
313 353 329
303 313 329
325 359 353
313 325 353
299 305 283
329 346 305
299 329 305
353 369 346
329 353 346
359 381 369
353 359 369
305 310 283
346 350 310
305 346 310
369 372 350
346 369 350
381 405 372
369 381 372
310 306 283
350 347 306
310 350 306
372 370 347
350 372 347
405 382 370
372 405 370
306 300 283
347 330 300
306 347 300
370 354 330
347 370 330
382 360 354
370 382 354
1079 1248 1249
1080 1079 1249
1248 1277 1278
1249 1248 1278
1277 1284 1285
1278 1277 1285
1284 1288 1289
1285 1284 1289
1288 1286 1287
1289 1288 1287
1286 1281 1282
1287 1286 1282
1281 1279 1280
1282 1281 1280
1279 1240 1241
1280 1279 1241
1240 1079 1080
1241 1240 1080
272 103 104
273 272 104
103 74 75
104 103 75
74 65 66
75 74 66
65 61 62
66 65 62
61 63 64
62 61 64
63 67 68
64 63 68
67 71 72
68 67 72
71 112 113
72 71 113
112 272 273
113 112 273
1096 1083 1073
1183 1120 1083
1096 1183 1083
1180 1119 1120
1183 1180 1120
1169 1109 1119
1180 1169 1119
1083 1059 1073
1120 1031 1059
1083 1120 1059
1119 1033 1031
1120 1119 1031
1109 1040 1033
1119 1109 1033
1059 1050 1073
1031 968 1050
1059 1031 1050
1033 973 968
1031 1033 968
1040 990 973
1033 1040 973
1050 1042 1073
968 924 1042
1050 968 1042
973 928 924
968 973 924
990 942 928
973 990 928
1042 1043 1073
924 927 1043
1042 924 1043
928 931 927
924 928 927
942 943 931
928 942 931
1043 1051 1073
927 974 1051
1043 927 1051
931 975 974
927 931 974
943 991 975
931 943 975
1051 1060 1073
974 1038 1060
1051 974 1060
975 1039 1038
974 975 1038
991 1045 1039
975 991 1039
1060 1084 1073
1038 1127 1084
1060 1038 1084
1039 1126 1127
1038 1039 1127
1045 1114 1126
1039 1045 1126
1084 1097 1073
1127 1189 1097
1084 1127 1097
1126 1186 1189
1127 1126 1189
1114 1172 1186
1126 1114 1186
1097 1111 1073
1189 1216 1111
1097 1189 1111
1186 1211 1216
1189 1186 1216
1172 1197 1211
1186 1172 1211
1111 1110 1073
1216 1213 1110
1111 1216 1110
1211 1210 1213
1216 1211 1213
1197 1194 1210
1211 1197 1210
1110 1096 1073
1213 1183 1096
1110 1213 1096
1210 1180 1183
1213 1210 1183
1194 1169 1180
1210 1194 1180
301 292 278
379 316 292
301 379 292
378 315 316
379 378 316
368 307 315
378 368 315
368 284 307
292 268 278
316 225 268
292 316 268
315 227 225
316 315 225
307 238 227
315 307 227
307 284 238
268 253 278
225 162 253
268 225 253
227 166 162
225 227 162
238 178 166
227 238 166
238 284 178
253 241 278
162 135 241
253 162 241
166 137 135
162 166 135
178 155 137
166 178 137
178 284 155
241 242 278
135 136 242
241 135 242
137 138 136
135 137 136
155 157 138
137 155 138
155 284 157
242 254 278
136 167 254
242 136 254
138 171 167
136 138 167
157 182 171
138 157 171
157 284 182
254 271 278
167 232 271
254 167 271
171 233 232
167 171 232
182 243 233
171 182 233
182 284 243
271 293 278
232 323 293
271 232 293
233 318 323
232 233 323
243 311 318
233 243 318
243 284 311
293 302 278
323 384 302
293 323 302
318 383 384
323 318 384
311 371 383
318 311 383
311 284 371
302 309 278
384 425 309
302 384 309
383 421 425
384 383 425
371 410 421
383 371 421
371 284 410
309 308 278
425 424 308
309 425 308
421 420 424
425 421 424
410 409 420
421 410 420
410 284 409
308 301 278
424 379 301
308 424 301
420 378 379
424 420 379
409 368 378
420 409 378
409 284 368
